Sample	Habitat	Site	denovo27904	denovo41356	denovo75857	denovo109526	denovo168050	denovo178360	denovo188915	denovo189681	denovo197867	denovo325256	denovo332829	denovo382441	denovo484015	denovo509076	denovo537034	denovo563582	denovo649427	denovo690290	denovo694227	denovo713257	denovo737280	denovo745024	denovo806217	denovo818245	denovo918728	denovo937800	denovo947874
AU-OLD-1-G	Gills	DU	1	1	0	0	5	0	0	0	0	0	0	282	0	0	0	1	0	5	0	3	1	0	0	1	1	1	3
AU-OLD-3-G	Gills	DU	4	0	1	0	4	2	7	6	4	1	0	91	5	0	0	7	2	1	0	1	1	2	4	3	2	3	0
AU-OLD-4-G	Gills	DU	1	2	0	2	4	0	2	0	0	0	0	209	1	1	2	4	2	1	0	1	0	3	1	1	1	1	1
DU-11-1-G	Gills	DU	1	10	9	6	46	3	2	5	1	10	0	106	19	1	2	2	0	1	4	2	13	7	6	4	1	13	9
DU-11-2-G	Gills	DU	0	1	1	1	10	0	1	1	0	3	0	12	0	1	1	1	0	0	5	0	4	1	0	19	0	1	6
DU-11-3-G	Gills	DU	0	0	1	0	0	0	0	0	0	0	1	806	0	0	0	0	1	2	0	0	0	0	0	2	0	0	3
DU-11-4-G	Gills	DU	2	0	0	0	5	0	0	5	0	0	0	818	0	0	0	2	0	1	1	0	2	0	0	3	0	0	1
DU-12-1-G	Gills	DU	1	1	0	2	8	0	2	8	3	1	0	685	1	1	5	0	0	1	0	1	3	3	1	2	1	1	8
DU-12-2-G	Gills	DU	4	19	1	3	17	6	4	8	3	5	1	61	6	0	11	5	8	1	5	3	3	4	7	1	1	4	7
DU-12-3-G	Gills	DU	7	3	0	2	28	0	1	4	1	2	0	395	1	4	13	0	2	5	2	0	15	0	4	7	3	1	19
DU-12-4-G	Gills	DU	6	7	1	5	34	1	3	11	1	10	0	189	7	4	10	3	2	0	2	10	13	2	1	1	9	7	15
DU-12-5-G	Gills	DU	10	6	1	11	13	4	9	25	2	4	0	5	10	0	5	8	5	1	2	1	2	12	9	2	8	21	14
DU-12-6-G	Gills	DU	1	4	4	0	107	1	2	13	0	10	0	429	0	10	21	2	0	1	5	1	42	3	3	1	3	4	7
DU-12-7-G	Gills	DU	9	0	0	17	11	10	10	20	10	9	0	23	17	3	3	11	3	0	0	7	2	17	11	0	8	20	0
DU-13-1-G	Gills	DU	4	5	2	3	106	1	1	7	1	19	13	146	3	5	25	1	3	1	10	2	31	3	2	2	3	6	23
DU-13-2-G	Gills	DU	14	12	0	8	32	2	12	34	3	19	0	175	9	7	22	3	8	2	7	12	35	6	13	0	15	9	4
DU-13-3-G	Gills	DU	19	7	5	8	8	8	12	27	8	3	2	33	21	3	29	19	9	5	1	15	1	24	10	2	15	19	4
DU-13-4-G	Gills	DU	3	1	0	4	22	6	5	11	5	2	1	265	5	1	24	3	3	4	1	5	10	11	3	0	5	12	7
DU-13-5-G	Gills	DU	9	3	1	5	35	2	3	18	2	9	2	458	2	3	18	0	3	0	2	5	9	6	12	0	4	9	2
DU-13-6-G	Gills	DU	1	8	0	0	2	0	0	0	0	2	11	3	3	1	98	0	2	0	2	4	3	1	0	0	0	1	1
RI-MID-1-G	Gills	RI	9	16	12	7	0	41	3	4	1	4	3	66	24	1	0	4	2	3	2	4	3	0	9	4	7	5	12
RI-MID-2-G	Gills	RI	0	12	9	0	1	6	0	0	0	0	115	0	8	0	0	0	0	2	0	0	0	1	0	6	0	0	1
RI-MID-3-G	Gills	RI	4	9	13	0	4	19	0	0	4	1	33	2	20	0	3	3	2	0	0	8	0	0	2	0	6	1	0
RI-MID-4-G	Gills	RI	1	4	33	3	2	6	1	4	5	4	0	36	22	3	1	0	0	1	12	0	3	0	2	0	2	1	20
RI-MID-5-G	Gills	RI	6	9	10	12	3	17	2	3	1	0	11	89	36	0	1	5	4	1	0	0	1	0	2	1	5	3	6
RI-MID-6-G	Gills	RI	4	30	24	7	9	12	0	5	2	6	8	98	17	2	5	2	3	2	2	0	21	1	1	2	2	1	9
RI-OCT-1-G	Gills	RI	1	1	0	2	0	2	1	1	2	5	0	142	1	0	0	0	1	0	2	2	0	0	2	1	0	1	4
RI-OCT-2-G	Gills	RI	8	2	3	8	7	7	4	6	4	8	1	36	11	6	2	2	15	0	6	2	3	2	8	0	0	4	0
RI-OCT-3-G	Gills	RI	3	1	1	0	3	0	0	1	2	1	2	112	5	1	3	0	0	0	3	0	0	0	0	0	3	1	6
RI-OCT-4-G	Gills	RI	8	1	0	0	44	18	0	6	9	2	97	94	47	9	7	0	10	7	22	6	2	0	8	6	4	8	0
WF-1-G	Gills	WF	0	0	1	2	3	4	0	2	1	0	2	571	0	2	0	0	0	0	4	2	0	0	8	3	4	2	3
WF-2-G	Gills	WF	0	5	6	2	16	0	0	5	3	1	1	227	1	7	18	0	0	0	3	4	12	0	6	4	0	1	1
WF-3-G	Gills	WF	0	2	1	0	9	0	0	1	0	0	10	89	7	1	11	0	0	1	4	0	22	8	0	0	7	12	4
WF-4-G	Gills	WF	3	0	1	0	2	4	0	2	0	2	25	304	1	1	5	0	7	4	2	0	0	1	1	4	0	0	8
WF-5-G	Gills	WF	2	2	4	5	2	10	0	3	2	0	44	287	0	0	4	0	0	1	0	0	1	1	17	1	6	1	3
AU-C-1	Sed	DU	3	0	0	0	0	0	3	3	0	3	0	0	5	3	0	0	0	0	0	0	0	0	0	0	3	0	0
AU-C-2	Sed	DU	3	0	0	0	3	0	3	3	3	3	0	0	5	0	0	0	0	0	0	0	0	0	0	0	3	0	0
AU-C-3	Sed	DU	3	0	0	3	3	0	3	3	3	3	0	0	3	0	0	0	0	0	0	0	0	0	0	0	3	0	0
AU-C-4	Sed	DU	3	0	0	0	3	0	3	3	0	0	0	0	5	0	0	0	0	0	0	0	0	0	0	0	3	0	0
AU-C-5	Sed	DU	3	0	0	0	3	0	3	3	0	3	0	0	3	3	0	0	0	0	0	0	0	0	0	0	3	0	0
AU-Old-1	Sed	DU	3	0	0	0	0	0	3	3	3	0	0	0	8	0	0	0	0	0	0	0	0	0	0	0	0	0	0
AU-Old-2	Sed	DU	0	0	0	0	3	0	3	3	3	0	0	0	10	3	0	0	0	0	0	0	0	0	0	0	0	0	0
AU-Old-3	Sed	DU	0	0	0	0	3	0	0	3	3	0	0	0	10	0	0	0	0	0	0	0	0	0	0	0	0	0	0
AU-Old-4	Sed	DU	3	0	0	0	3	0	3	3	3	0	0	0	5	0	0	0	0	0	0	0	0	0	0	0	3	0	0
AU-Old-5	Sed	DU	3	0	0	3	3	0	3	3	3	0	0	0	8	0	0	0	0	0	0	0	0	0	0	0	3	0	0
AU-R-1	Sed	DU	3	0	0	0	5	0	0	3	3	3	0	0	0	3	0	0	0	0	0	0	0	3	0	0	0	3	0
AU-R-2	Sed	DU	0	0	0	0	5	0	0	3	0	0	0	0	5	0	0	0	0	0	0	0	0	0	0	0	0	0	0
AU-R-3	Sed	DU	3	0	0	0	5	0	3	3	3	0	0	0	3	3	0	0	0	0	0	0	0	0	0	0	0	3	0
AU-R-4	Sed	DU	3	0	0	0	3	0	3	3	0	0	0	0	10	3	0	0	0	0	0	0	0	0	0	0	0	0	0
AU-R-5	Sed	DU	3	0	0	0	3	0	0	3	3	0	0	0	5	0	0	0	0	0	0	0	0	0	3	0	0	0	0
AU-Yon-1	Sed	DU	3	0	0	0	3	0	3	3	0	3	0	0	8	0	0	0	0	0	0	0	0	0	0	0	0	0	0
AU-Yon-2	Sed	DU	3	0	0	0	3	0	3	3	3	3	0	0	8	0	0	0	0	0	0	0	0	0	0	0	0	0	0
AU-Yon-3	Sed	DU	0	0	0	0	0	0	3	3	3	0	0	0	8	0	0	0	0	0	0	0	0	0	0	0	0	3	0
AU-Yon-4	Sed	DU	3	0	0	0	3	0	3	3	3	0	0	0	5	0	0	0	0	0	0	0	0	0	0	0	3	3	0
AU-Yon-5	Sed	DU	0	0	0	0	3	0	3	3	3	3	0	0	8	3	0	0	0	0	0	0	0	0	0	0	3	0	0
DU.12.1	Sed	DU	3	0	0	0	3	0	3	5	0	3	0	0	0	0	0	0	0	0	0	0	0	0	0	0	3	0	0
DU.12.2	Sed	DU	3	0	0	0	3	0	3	3	0	0	0	0	3	0	0	0	0	0	0	0	0	0	0	0	3	0	0
DU.12.3	Sed	DU	3	0	0	0	3	0	3	3	0	3	0	0	3	0	0	0	0	0	0	0	0	0	0	0	3	0	0
DU.12.4	Sed	DU	3	0	0	0	3	0	3	5	0	0	0	0	3	3	0	0	0	0	0	0	0	0	0	0	3	0	0
DU.12.5	Sed	DU	3	0	0	0	5	0	3	3	0	3	0	0	3	0	0	0	0	0	0	0	0	0	0	0	3	0	0
DU.13.1	Sed	DU	3	0	0	0	5	0	3	3	3	3	0	0	3	3	0	0	0	0	0	0	0	0	0	0	3	0	0
DU.13.2	Sed	DU	3	0	0	0	5	0	3	3	0	3	0	0	3	0	0	0	0	0	0	0	0	0	0	0	3	0	0
DU.13.3	Sed	DU	3	0	0	0	5	0	3	5	0	3	0	0	3	3	0	0	0	3	0	0	0	0	0	3	3	0	0
DU.13.4	Sed	DU	5	0	0	0	3	0	3	3	0	3	0	0	3	3	0	0	0	0	0	0	0	0	0	0	3	0	0
DU.13.5	Sed	DU	3	0	0	0	5	0	3	5	0	3	0	0	3	3	0	0	0	0	0	0	0	0	0	0	3	0	0
DU.C.1	Sed	DU	3	0	0	0	3	0	3	3	0	3	0	0	3	3	0	0	0	0	0	0	0	0	0	0	3	0	0
DU.C.2	Sed	DU	0	0	0	0	5	0	0	3	3	3	0	0	3	3	0	0	0	0	0	0	0	0	0	0	3	0	0
DU.C.3	Sed	DU	3	0	0	0	10	0	3	3	0	8	0	0	3	8	0	0	0	0	0	0	0	0	0	0	3	0	0
DU.C.4	Sed	DU	3	0	0	0	3	0	3	3	0	3	0	0	3	3	0	0	0	0	0	0	0	0	3	0	3	3	0
DU.C.5	Sed	DU	0	0	0	0	5	0	3	3	0	3	0	0	3	3	0	3	0	0	0	0	0	0	0	0	3	0	0
OCT.C.1	Sed	DU	3	0	0	0	0	0	3	3	0	5	0	0	3	0	0	3	0	0	0	0	0	0	0	0	0	3	0
OCT.C.10	Sed	DU	3	0	0	0	3	0	3	3	3	5	0	0	3	3	0	0	0	0	0	0	0	3	0	0	0	3	0
OCT.C.2	Sed	DU	3	0	0	0	3	0	3	3	3	3	0	0	0	3	0	3	0	0	0	0	0	0	0	0	3	3	0
OCT.C.3	Sed	DU	3	0	0	0	3	0	3	3	0	8	0	0	3	3	0	3	0	0	0	0	0	0	0	0	3	0	0
OCT.C.4	Sed	DU	3	0	0	0	0	0	5	3	0	10	0	0	3	3	0	0	0	0	0	0	0	0	0	0	0	0	0
OCT.C.5	Sed	DU	3	0	0	3	0	0	5	3	0	5	0	0	3	0	0	0	0	0	0	0	0	0	0	0	3	0	0
OCT.C.6	Sed	DU	3	0	0	0	3	0	3	3	0	5	0	0	3	3	0	3	0	0	0	0	0	0	0	0	0	3	0
OCT.C.7	Sed	DU	3	0	0	0	0	0	3	3	3	5	0	0	3	3	0	0	0	0	0	0	0	0	0	0	0	3	0
OCT.C.8	Sed	DU	3	0	0	0	0	0	3	3	3	5	0	0	3	3	0	0	0	0	0	0	0	0	0	0	0	3	0
OCT.C.9	Sed	DU	0	0	0	0	0	0	3	3	0	3	0	0	3	0	0	3	0	0	0	0	0	0	0	0	0	3	0
OCT.R.1	Sed	DU	3	0	0	0	0	0	3	3	0	3	0	0	8	0	0	0	0	0	0	0	0	0	0	0	0	0	0
OCT.R.2	Sed	DU	0	0	0	0	3	0	0	3	3	5	0	0	8	3	0	0	0	0	0	0	0	0	0	0	3	0	0
OCT.R.3	Sed	DU	3	0	0	0	0	0	3	3	3	3	0	0	10	0	0	0	0	0	0	0	0	0	0	0	3	0	0
OCT.R.4	Sed	DU	3	0	0	0	0	0	3	3	3	3	0	0	8	0	0	0	0	0	0	0	0	0	0	0	0	0	0
OCT.R.5	Sed	DU	0	0	0	0	0	0	3	3	0	0	0	0	8	0	0	0	0	0	0	0	0	0	0	0	0	0	0
RI.C.1	Sed	RI	3	0	0	0	0	3	0	3	0	3	0	0	8	3	0	0	0	0	0	0	0	0	3	0	0	0	0
RI.C.2	Sed	RI	0	0	0	0	0	5	0	0	3	15	0	0	3	8	0	0	0	0	0	0	0	0	0	0	0	0	0
RI.C.3	Sed	RI	0	0	0	0	0	3	0	0	5	5	0	0	3	3	0	0	0	0	0	0	0	0	0	0	3	0	0
RI.C.4	Sed	RI	0	0	0	0	0	0	0	0	3	3	0	0	0	3	0	0	0	3	0	0	0	0	0	5	0	0	0
RI.C.5	Sed	RI	3	0	0	0	3	5	0	5	3	5	0	0	3	8	0	0	0	0	0	0	3	0	3	0	0	0	0
RI.Mid.1	Sed	RI	3	0	0	0	3	5	3	3	0	5	0	0	3	5	0	0	0	0	0	0	0	0	3	0	3	0	0
RI.Mid.2	Sed	RI	3	0	0	0	3	5	3	3	0	5	0	0	3	5	0	0	0	0	0	0	0	0	3	0	0	0	0
RI.Mid.3	Sed	RI	3	0	0	0	3	3	3	3	0	5	0	0	3	3	0	0	0	0	0	0	0	0	3	0	0	0	0
Ri.Mid.4	Sed	RI	3	0	0	0	3	5	3	3	0	5	0	0	3	5	0	0	0	0	0	0	0	0	0	0	0	0	0
RI.Mid.5	Sed	RI	3	0	0	0	3	3	3	0	3	5	0	0	5	3	0	3	0	0	0	0	0	0	3	0	3	0	0
RI.OCT.1	Sed	RI	0	0	0	0	3	0	0	0	0	5	0	0	3	3	0	3	0	0	0	0	0	0	0	0	0	3	0
RI.OCT.10	Sed	RI	0	0	0	0	0	3	3	3	5	5	0	0	10	3	0	0	0	0	0	0	0	0	0	0	0	0	0
RI.OCT.2	Sed	RI	0	0	0	0	3	3	0	0	0	8	0	0	3	3	0	0	0	0	0	0	0	0	3	0	0	3	0
RI.OCT.3	Sed	RI	3	0	0	0	3	0	0	3	0	5	0	0	3	5	0	0	0	0	0	3	0	0	0	0	0	3	0
RI.OCT.4	Sed	RI	0	0	0	0	3	0	0	0	3	8	0	0	3	5	0	0	0	0	0	0	0	0	0	0	0	0	0
RI.OCT.5	Sed	RI	3	0	0	0	3	0	3	3	0	5	0	0	10	3	0	0	0	0	0	0	0	0	3	0	0	3	0
RI.OCT.6	Sed	RI	3	0	0	0	0	3	0	3	3	5	0	0	5	3	0	0	0	0	0	0	0	0	3	0	0	0	0
RI.OCT.7	Sed	RI	0	0	0	0	0	3	0	0	3	5	0	0	3	0	0	0	0	0	0	0	0	0	3	0	0	3	0
RI.OCT.8	Sed	RI	3	0	0	0	0	3	0	0	3	3	0	0	5	3	0	0	0	0	0	0	0	0	3	0	0	0	0
RI.OCT.9	Sed	RI	0	0	0	0	0	5	0	0	3	5	0	0	8	3	0	3	0	0	0	0	0	0	3	0	0	0	0
RI.Old.1	Sed	RI	3	0	0	0	3	3	3	3	3	3	0	0	3	0	0	0	0	0	0	0	0	0	0	0	0	0	0
RI.Old.2	Sed	RI	3	0	0	0	0	3	0	3	3	5	0	0	3	3	0	0	0	0	0	0	0	0	0	0	0	0	0
RI.Old.3	Sed	RI	0	0	0	0	3	3	0	3	0	3	0	0	3	0	0	0	0	0	0	0	0	0	3	0	0	3	0
RI.Old.4	Sed	RI	3	0	0	3	3	3	3	3	0	5	0	0	5	3	0	0	0	0	0	0	0	0	3	0	0	3	0
RI.Old.5	Sed	RI	0	0	0	0	0	3	0	0	0	5	0	0	3	3	0	3	0	0	0	0	0	0	0	0	3	3	0
RI.Yon.1	Sed	RI	0	0	0	0	5	3	0	0	3	3	0	0	8	0	0	0	0	0	0	0	0	0	3	0	0	0	0
RI.Yon.2	Sed	RI	3	0	0	0	3	3	3	0	3	5	0	0	5	3	0	0	0	0	0	0	0	0	3	0	0	0	0
RI.Yon.3	Sed	RI	3	0	0	0	0	3	3	3	0	8	0	0	5	3	0	0	0	0	0	0	0	0	3	0	0	0	0
RI.Yon.4	Sed	RI	3	0	0	0	0	3	0	0	0	5	0	0	3	3	0	0	0	0	0	0	3	0	3	0	0	0	0
RI.Yon.5	Sed	RI	3	0	0	0	0	3	0	3	0	5	0	0	8	0	0	0	0	0	0	0	0	0	3	0	0	3	0
WF.12.1	Sed	WF	0	0	0	0	5	3	0	0	3	3	0	0	0	5	0	0	0	0	0	0	0	0	0	0	0	0	0
WF.12.2	Sed	WF	0	0	0	0	3	3	0	0	3	3	0	0	3	5	0	0	0	0	0	0	0	0	0	0	0	0	0
WF.12.3	Sed	WF	0	0	0	0	5	0	0	0	3	5	0	0	3	3	0	0	0	0	0	0	0	0	0	0	0	0	0
WF.12.4	Sed	WF	0	0	0	0	3	0	0	0	3	5	0	0	0	5	0	0	0	0	0	0	0	0	0	0	0	0	0
WF.12.5	Sed	WF	0	0	0	0	5	0	0	0	3	5	0	0	5	5	0	0	0	0	0	0	0	0	0	0	0	0	0
WF.14.1	Sed	WF	0	0	0	0	3	0	0	0	3	5	0	0	0	3	0	0	0	0	0	0	0	0	0	0	0	0	0
WF.14.1.W	Sed	WF	0	0	0	0	3	0	0	0	0	0	0	0	0	0	0	0	0	0	3	0	3	0	0	0	0	0	8
WF.14.2	Sed	WF	0	0	0	0	5	0	0	0	3	5	0	0	3	3	0	0	0	0	0	0	3	0	0	0	0	0	0
WF.14.2.W	Sed	WF	0	0	0	0	3	0	0	0	0	0	0	0	0	0	0	0	0	0	3	0	3	0	0	0	0	0	8
WF.14.3	Sed	WF	0	0	0	0	3	0	0	0	3	5	0	0	0	5	0	0	0	0	0	0	0	0	0	0	0	0	0
WF.14.4	Sed	WF	0	0	0	0	3	3	0	0	3	5	0	0	3	3	0	0	0	0	0	0	0	0	0	0	0	0	0
WF.14.5	Sed	WF	0	0	0	0	3	0	0	0	3	3	0	0	3	3	0	0	0	0	0	0	0	0	0	0	0	0	0
WF.C.1	Sed	WF	0	0	0	0	3	0	0	0	3	13	0	0	0	5	0	0	0	0	0	0	0	0	0	0	3	0	0
WF.C.1.W	Sed	WF	0	0	0	0	3	0	0	0	0	0	0	0	0	3	0	0	0	0	3	0	5	0	0	0	0	0	8
WF.C.2	Sed	WF	0	0	0	0	3	3	0	0	3	13	0	0	0	5	0	0	0	0	0	0	0	0	3	0	0	0	0
WF.C.2.W	Sed	WF	0	0	0	0	5	0	0	0	0	0	0	0	0	0	0	0	0	3	3	0	5	0	0	3	0	0	5
WF.C.3	Sed	WF	0	0	0	0	3	3	0	0	3	8	0	0	0	5	0	0	0	0	0	0	3	0	0	0	0	0	0
WF.C.4	Sed	WF	0	0	0	0	3	3	0	3	3	13	0	0	0	5	0	0	0	0	0	0	0	0	0	0	0	0	0
WF.C.5	Sed	WF	0	0	0	0	3	0	0	0	3	8	0	0	0	5	0	0	0	0	0	0	0	0	0	0	0	0	0
WF.OCT.1	Sed	WF	0	0	0	0	5	3	0	0	3	5	0	0	0	8	0	0	0	0	0	0	0	0	3	0	0	0	0
WF.OCT.2	Sed	WF	0	0	0	0	5	3	0	0	3	5	0	0	0	8	0	0	0	0	0	0	0	0	3	0	0	3	0
WF.OCT.3	Sed	WF	0	0	0	0	5	3	0	0	3	8	0	0	0	8	0	0	0	0	3	0	0	0	3	0	3	3	0
WF.OCT.4	Sed	WF	0	0	0	0	3	5	0	3	3	5	0	0	0	5	0	0	0	0	0	0	0	0	5	0	3	3	0
WF.OCT.5	Sed	WF	0	0	0	0	5	3	0	0	0	8	0	0	3	5	0	0	0	0	0	0	0	0	3	0	0	0	0
DU-11-1-S	Stomach	DU	3	9	2	17	1	7	10	19	2	0	4	4	83	1	1	3	1	8	0	4	2	23	15	5	7	24	8
DU-11-2-S	Stomach	DU	0	23	1	1	8	0	1	1	0	0	1	40	9	3	0	1	1	3	0	0	0	3	0	1	0	0	1
DU-11-3-S	Stomach	DU	4	64	20	0	23	2	0	4	9	0	8	120	12	1	0	0	0	2	1	0	5	0	2	9	0	11	7
DU-11-4-S	Stomach	DU	0	18	0	2	138	4	0	0	0	11	201	18	9	3	3	0	2	4	2	1	25	0	2	16	0	5	1
DU-12-1-S	Stomach	DU	4	53	9	1	53	1	0	5	0	3	2	4	6	3	162	3	2	7	12	0	2	2	2	2	0	0	2
DU-12-2-S	Stomach	DU	6	16	2	0	41	2	1	5	1	2	474	10	2	6	104	2	2	6	7	0	0	1	1	13	1	2	0
DU-12-3-S	Stomach	DU	2	17	0	0	21	0	0	4	0	4	16	0	1	0	63	1	0	2	2	3	1	0	0	4	5	0	3
DU-12-4-S	Stomach	DU	0	30	0	0	16	0	1	3	0	0	55	2	2	0	76	1	0	3	7	2	0	0	0	0	0	0	0
DU-12-5-S	Stomach	DU	5	31	3	2	60	1	0	1	0	3	72	0	1	2	475	6	4	1	32	3	2	1	0	0	1	2	0
DU-12-6-S	Stomach	DU	0	45	0	1	46	1	0	2	0	0	4	0	3	4	127	0	0	7	11	1	2	2	0	3	0	1	1
DU-13-1-S	Stomach	DU	2	21	11	1	26	2	3	2	0	2	229	1	2	10	270	3	3	2	12	7	3	2	6	3	1	4	1
DU-13-2-S	Stomach	DU	7	11	0	7	124	1	7	13	4	9	44	66	4	18	109	6	1	1	10	10	69	6	2	4	2	7	1
DU-13-3-S	Stomach	DU	8	3	1	9	11	2	2	8	3	3	3	11	11	0	67	11	10	0	1	2	5	11	19	1	15	11	13
DU-13-4-S	Stomach	DU	11	5	1	9	26	7	5	23	5	5	22	173	11	6	23	6	3	0	6	2	7	17	12	0	12	20	1
DU-13-5-S	Stomach	DU	4	1	0	1	9	0	2	6	0	0	1	701	3	1	10	1	0	2	2	1	0	1	0	0	0	6	7
DU-13-6-S	Stomach	DU	2	1	9	4	3	8	1	5	0	1	3	101	3	1	1	0	1	10	0	0	1	0	0	5	0	0	9
RI-MID-1-S	Stomach	RI	5	10	20	0	3	20	2	0	1	0	122	170	27	1	0	1	1	3	2	1	0	0	1	2	0	2	3
RI-MID-2-S	Stomach	RI	0	7	9	1	0	3	0	0	0	0	2	68	0	0	2	0	0	0	0	0	0	0	0	1	0	0	8
RI-MID-3-S	Stomach	RI	12	1	1	6	54	7	8	22	1	20	0	97	5	1	7	7	4	3	11	1	12	4	5	8	8	9	6
RI-MID-4-S	Stomach	RI	10	27	34	0	40	23	1	8	8	0	18	0	25	1	12	4	1	1	0	0	0	2	1	2	5	5	1
RI-MID-6-S	Stomach	RI	1	16	36	0	1	18	6	0	0	0	7	4	20	0	6	1	1	0	0	3	0	0	2	0	2	0	0
RI-OCT-1-S	Stomach	RI	7	1	0	2	2	3	1	8	1	0	4	2	4	2	0	0	4	2	1	0	4	3	5	8	0	0	0
RI-OCT-3-S	Stomach	RI	11	2	0	1	40	24	1	0	7	0	60	9	14	16	5	2	5	2	21	0	2	3	14	1	7	9	1
RI-OCT-4-S	Stomach	RI	8	1	2	1	7	13	7	5	6	8	7	230	27	4	1	3	6	1	4	4	0	0	4	0	5	8	3
WF-1-S	Stomach	WF	0	7	0	1	2	8	0	0	0	1	526	13	8	0	0	0	0	23	1	0	0	0	0	20	0	0	3
WF-2-S	Stomach	WF	0	9	1	0	6	21	0	0	1	1	549	5	0	5	8	0	16	5	38	3	2	2	4	9	0	0	0
WF-3-S	Stomach	WF	1	2	0	0	23	12	0	1	6	11	564	1	0	23	7	0	3	0	11	5	12	4	3	0	6	5	0
WF-4-S	Stomach	WF	0	1	3	3	2	8	4	4	2	0	214	1	13	1	2	1	2	0	7	0	0	3	3	0	1	3	4
WF-5-S	Stomach	WF	0	2	1	0	9	4	0	0	2	7	751	5	0	12	8	1	1	1	8	0	14	1	0	0	3	0	0
AU.C.1.W	Water	DU	0	2	3	3	139	0	7	8	0	4	0	0	0	4	0	1	0	54	14	0	2	0	0	48	0	0	62
AU.C.2.W	Water	DU	3	6	1	2	122	0	1	6	1	24	0	0	8	3	0	0	0	0	8	1	12	0	2	2	3	1	87
AU.YON.1.W	Water	DU	9	4	9	3	122	0	2	12	0	2	0	0	2	5	5	0	0	11	16	0	4	5	0	43	4	0	97
AU.YON.2.W	Water	DU	1	19	16	2	170	0	1	5	0	2	0	0	3	1	0	1	0	0	17	0	5	7	1	0	1	0	107
DU.12.1.W	Water	DU	0	3	1	0	68	0	0	5	0	2	0	0	1	0	1	0	1	0	5	0	23	0	1	0	0	0	90
DU.2...W	Water	DU	0	3	0	2	91	0	0	6	0	2	0	0	0	1	0	0	0	0	5	0	29	2	0	0	0	1	90
DU.3...W	Water	DU	2	5	0	1	51	0	0	4	0	0	0	0	1	1	0	0	0	11	11	0	24	0	1	37	0	2	79
DU.4...W	Water	DU	1	9	1	0	99	0	2	5	0	4	0	0	0	1	0	0	0	0	5	0	27	1	1	0	0	1	114
OCT.C.1.W	Water	DU	3	4	0	0	12	0	0	2	0	5	0	0	0	2	0	1	0	2	1	0	7	0	1	16	0	1	50
OCT.C.2.W	Water	DU	2	0	1	0	17	0	0	1	0	8	0	0	0	0	0	0	0	3	1	0	11	0	0	2	0	1	73
OCT.R.2.W	Water	DU	0	0	0	1	14	0	0	2	0	9	0	0	2	0	0	0	0	14	0	0	10	0	4	51	0	2	40
Out.Upwelling	Water	DU	0	0	0	4	86	0	0	4	1	46	0	0	17	1	0	0	0	46	4	0	20	0	0	27	0	0	37
RI.C.1.W	Water	RI	1	24	0	0	16	0	0	0	2	1	0	0	0	0	2	0	1	15	0	0	3	0	0	19	2	0	34
RI.C.2.W	Water	RI	3	4	0	0	8	0	0	0	0	0	0	0	0	0	0	0	0	90	0	0	0	0	0	326	8	0	12
RI.OCT.1.W	Water	RI	0	0	0	0	2	0	0	0	0	2	0	0	0	0	0	0	0	28	12	0	0	0	0	43	0	0	61
RI.OCT.2.W	Water	RI	0	1	0	0	15	0	0	0	0	0	0	0	2	0	0	0	0	3	3	0	1	0	1	1	0	1	72
RI.OLD.1.W	Water	RI	1	1	0	0	12	3	0	3	0	5	0	0	1	0	0	0	0	23	3	0	28	0	2	24	0	0	143
RI.OLD.2.W	Water	RI	0	20	0	0	0	0	0	8	0	0	0	0	0	3	0	0	0	141	0	0	4	0	0	162	0	0	0
Upwelling	Water	RI	5	0	0	1	82	3	4	16	1	40	0	0	6	2	0	1	1	3	13	1	22	9	3	8	1	6	50
WF.OCT.1.W	Water	WF	1	5	1	0	61	31	3	6	3	21	0	0	15	57	6	1	3	0	32	2	15	15	10	0	3	23	2
WF.OCT.2.W	Water	WF	0	1	0	0	19	6	0	3	0	23	0	0	9	25	1	0	2	67	4	1	5	2	1	157	5	7	20