RI_SS	RI_GG	RI_SedSed	RI_WW	RI_SG	RI_Ssed	SU_SW	RI_Gsed	RI_GW	RI_SedW	DU_SS	DU_GG	DU_SedSed	DU_WW	DU_SG	DU_Ssed	SU_SW	DU_Gsed	DU_GW	DU_SedW	WF_SS	WF_GG	WF_SedSed	WF_WW	WF_SG	WF_Ssed	SU_SW	WF_Gsed	WF_GW	WF_SedW
0.771	0.847	0.55	0.884	0.886	0.899	0.963	0.976	0.879	0.932	0.67	0.758	0.571	0.325	0.94	0.895	0.897	0.935	0.887	0.947	0.388	0.569	0.514	0.356	0.955	0.969	0.957	0.944	0.9	0.875
0.739	0.854	0.637	0.614	0.83	0.905	0.98	0.981	0.982	0.995	0.66	0.68	0.549	0.63	0.839	0.916	0.883	0.94	0.887	0.939	0.423	0.714	0.549	0.753	0.951	0.966	0.959	0.946	0.888	0.877
0.889	0.795	0.589	0.605	0.715	0.901	0.982	0.985	0.923	0.971	0.633	0.676	0.53	0.609	0.806	0.89	0.94	0.931	0.892	0.943	0.741	0.592	0.525	0.813	0.933	0.971	0.959	0.955	0.915	0.72
0.73	0.822	0.613	0.688	0.772	0.891	0.972	0.98	0.89	0.948	0.634	0.848	0.526	0.331	0.828	0.896	0.942	0.93	0.895	0.937	0.45	0.566	0.539	0.451	0.907	0.98	0.904	0.957	0.927	0.847
0.774	0.796	0.606	0.818	0.86	0.886	0.964	0.972	0.924	0.961	0.53	0.438	0.526	0.347	0.835	0.883	0.904	0.924	0.887	0.943	0.309	0.572	0.532	0.556	0.898	0.97	0.969	0.949	0.906	0.906
0.725	0.786	0.568	0.866	0.768	0.902	0.977	0.985	0.963	0.981	0.639	0.629	0.549	0.511	0.889	0.88	0.891	0.933	0.883	0.929	0.713	0.625	0.569	0.744	0.944	0.978	0.926	0.95	0.892	0.878
0.619	0.823	0.648	0.968	0.753	0.894	0.94	0.973	0.851	0.926	0.626	0.802	0.524	0.473	0.867	0.875	0.847	0.924	0.872	0.872	0.336	0.611	0.527	0.81	0.916	0.972	0.903	0.956	0.845	0.885
0.765	0.87	0.599	0.873	0.82	0.905	0.967	0.978	0.964	0.976	0.812	0.792	0.518	0.683	0.871	0.889	0.846	0.938	0.878	0.915	0.695	0.707	0.55	0.463	0.901	0.972	0.908	0.942	0.85	0.883
0.642	0.782	0.607	0.576	0.877	0.907	0.98	0.982	0.908	0.963	0.713	0.894	0.524	0.633	0.83	0.882	0.939	0.927	0.901	0.933	0.295	0.604	0.546	0.574	0.912	0.976	0.889	0.947	0.875	0.72
0.556	0.711	0.596	0.492	0.854	0.921	0.964	0.985	0.892	0.943	0.721	0.259	0.58	0.459	0.95	0.885	0.874	0.93	0.907	0.928	0.729	0.456	0.627	0.78	0.901	0.976	0.931	0.954	0.896	0.837
0.621	0.733	0.632	0.703	0.963	0.914	0.937	0.982	0.901	0.959	0.776	0.242	0.591	0.633	0.979	0.905	0.861	0.939	0.875	0.87			0.64	0.765	0.949	0.974	0.902	0.945	0.873	0.901
0.529	0.78	0.594	0.791	0.837	0.901	0.971	0.964	0.939	0.974	0.442	0.455	0.613	0.624	0.968	0.882	0.924	0.93	0.768	0.96			0.594	0.759	0.894	0.974	0.877	0.945	0.849	0.876
0.587	0.686	0.589	0.666	0.839	0.896	0.979	0.976	0.899	0.928	0.814	0.904	0.581	0.41	0.85	0.869	0.896	0.935	0.774	0.955			0.618	0.827	0.894	0.967	0.871	0.946	0.868	0.881
0.874	0.692	0.634	0.861	0.806	0.884	0.983	0.969	0.985	0.986	0.929	0.595	0.553	0.406	0.881	0.894	0.938	0.94	0.8	0.953			0.649	0.752	0.911	0.971	0.881	0.949	0.847	0.876
0.773	0.687	0.609	0.679	0.874	0.916	0.991	0.985	0.941	0.961	0.925	0.458	0.569	0.471	0.854	0.867	0.951	0.927	0.791	0.942			0.618	0.529	0.897	0.972	0.834	0.955	0.871	0.722
0.851	0.724	0.755		0.836	0.894	0.99	0.982	0.931	0.949	0.505	0.968	0.582	0.518	0.857	0.93	0.932	0.938	0.785	0.958			0.635		0.95	0.952	0.891	0.943	0.911	0.85
0.675	0.674	0.688		0.802	0.917	0.97	0.982	0.949	0.96	0.616	0.639	0.572	0.601	0.826	0.908	0.917	0.944	0.772	0.946			0.566		0.94	0.955	0.885	0.946	0.888	0.908
0.763	0.715	0.748		0.966	0.923	0.987	0.986	0.971	0.981	0.745	0.8	0.608	0.515	0.972	0.907	0.87	0.931	0.783	0.901			0.604		0.921	0.952	0.873	0.948	0.88	0.887
0.639	0.751	0.641		0.866	0.933	0.937	0.982	0.845	0.914	0.75	0.706	0.577	0.493	0.93	0.936	0.892	0.945	0.776	0.928			0.596		0.914	0.955	0.913	0.941	0.9	0.898
0.533	0.691	0.652		0.965	0.898	0.966	0.972	0.964	0.979	0.704	0.608	0.622	0.382	0.944	0.933	0.937	0.944	0.824	0.942			0.543		0.883	0.95	0.92	0.949	0.899	0.895
0.545	0.718	0.691		0.957	0.921	0.963	0.982	0.923	0.963	0.661	0.629	0.662	0.671	0.945	0.908	0.894	0.93	0.827	0.948			0.519		0.958	0.93	0.897	0.915	0.917	0.755
0.672	0.732	0.667		0.947	0.926	0.962	0.986	0.914	0.948	0.86	0.7	0.697	0.646	0.864	0.921	0.9	0.947	0.757	0.901			0.526		0.924	0.945	0.943	0.919	0.924	0.847
0.622	0.721	0.675		0.906	0.914	0.96	0.984	0.905	0.956	0.852	0.666	0.623	0.663	0.828	0.914	0.942	0.935	0.625	0.937			0.525		0.905	0.955	0.952	0.917	0.92	0.921
0.545	0.79	0.634		0.878	0.925	0.974	0.98	0.953	0.972	0.815	0.591	0.587	0.716	0.835	0.889	0.924	0.939	0.652	0.932			0.551		0.931	0.955	0.931	0.926	0.901	0.895
0.436	0.731	0.611		0.906	0.913	0.938	0.984	0.856	0.915	0.607	0.653	0.6	0.407	0.838	0.903	0.948	0.939	0.747	0.945			0.524		0.914	0.958	0.913	0.915	0.911	0.887
0.401	0.603	0.629		0.895	0.894	0.984	0.976	0.968	0.975	0.683	0.693	0.595	0.71	0.879	0.908	0.957	0.934	0.749	0.934			0.542			0.951	0.917	0.92	0.901	0.89
0.616	0.584	0.61		0.861	0.917	0.964	0.98	0.911	0.963	0.8	0.874	0.625	0.622	0.868	0.902	0.948	0.929	0.59	0.938			0.541			0.953	0.911	0.917	0.902	0.727
0.58	0.803	0.63		0.979	0.9	0.958	0.981	0.889	0.946	0.927	0.891	0.598	0.645	0.894	0.91	0.931	0.933	0.586	0.928			0.617			0.948	0.94	0.916	0.941	0.841
	0.679	0.597		0.936	0.909	0.952	0.988	0.912	0.957	0.94	0.868	0.611	0.642	0.856	0.912	0.886	0.931	0.636	0.872			0.63			0.937	0.893	0.916	0.934	0.907
	0.828	0.569		0.979	0.914	0.966	0.983	0.958	0.976	0.653	0.742	0.673	0.667	0.939	0.907	0.887	0.932	0.649	0.902			0.572			0.964	0.882	0.932	0.91	0.885
	0.665	0.527		0.959	0.824	0.971	0.81	0.89	0.935	0.779	0.771	0.652	0.684	0.977	0.922	0.949	0.944	0.781	0.94			0.611			0.937		0.924		0.903
	0.729	0.553		0.888	0.823	0.975	0.81	0.978	0.981	0.807	0.673	0.665	0.447	0.969	0.925	0.91	0.937	0.691	0.912			0.639			0.934		0.926		0.898
	0.744	0.521		0.899	0.838	0.98	0.791	0.961	0.974	0.764	0.752	0.65	0.715	0.861	0.92	0.908	0.947	0.599	0.854			0.63			0.941		0.916		0.771
	0.787	0.575		0.874	0.816	0.983	0.779	0.932	0.972	0.469	0.92	0.692	0.609	0.89	0.919	0.839	0.938	0.791	0.944			0.624			0.944		0.93		0.85
	0.791	0.596		0.922	0.836	0.967	0.794	0.934	0.972	0.858	0.853	0.604	0.351	0.874	0.932	0.85	0.949	0.794	0.938			0.574			0.942		0.937		0.929
	0.614	0.539		0.899	0.843	0.975	0.82	0.962	0.983	0.91	0.799	0.692	0.533	0.851	0.878	0.902	0.928	0.843	0.946			0.618			0.913		0.907		0.901
	0.66	0.545		0.886	0.835	0.968	0.817	0.837	0.921	0.845	0.846	0.588	0.488	0.813	0.883	0.893	0.929	0.835	0.928			0.587			0.928		0.914		0.894
	0.704	0.564		0.947	0.842	0.991	0.798	0.957	0.987	0.67	0.517	0.656	0.711	0.968	0.877	0.818	0.932	0.793	0.942			0.532			0.913		0.908		0.895
	0.681	0.584		0.876	0.836	0.985	0.795	0.935	0.965	0.703	0.762	0.633	0.639	0.928	0.894	0.795	0.935	0.777	0.931			0.544			0.918		0.915		0.749
	0.752	0.561		0.957	0.85	0.977	0.808	0.91	0.952	0.783	0.532	0.59	0.469	0.95	0.9	0.75	0.932	0.77	0.865			0.541			0.923		0.918		0.844
	0.689	0.566		0.962	0.843	0.971	0.808	0.886	0.96	0.935	0.494	0.621	0.495	0.947	0.919	0.766	0.938	0.787	0.904			0.561			0.847		0.925		0.91
	0.772	0.571		0.81	0.843	0.982	0.78	0.957	0.977	0.943	0.714	0.633	0.455	0.848	0.908	0.895	0.937	0.853	0.933			0.519			0.855		0.928		0.884
	0.799	0.579		0.819	0.834	0.939	0.773	0.882	0.926	0.663	0.672	0.615	0.689	0.849	0.911	0.786	0.937	0.834	0.92			0.543			0.862		0.938		0.887
	0.468	0.694		0.809	0.824	0.973	0.763	0.986	0.98	0.747	0.881	0.606	0.608	0.818	0.928	0.748	0.944	0.754	0.871			0.552			0.869		0.937		0.896
	0.796	0.637		0.902	0.863	0.958	0.832	0.891	0.969	0.727	0.8	0.558	0.446	0.811	0.904	0.915	0.937	0.907	0.943			0.642			0.86		0.934		0.754
		0.739		0.851	0.84	0.963	0.799	0.879	0.954	0.656	0.784	0.576	0.403	0.904	0.905	0.909	0.924	0.902	0.938			0.658			0.879		0.939		0.85
		0.583		0.84	0.877	0.948	0.837	0.916	0.969	0.802	0.514	0.527	0.648	0.87	0.909	0.914	0.929	0.901	0.947			0.609			0.867		0.937		0.916
		0.591		0.943	0.873	0.969	0.826	0.962	0.976	0.808	0.853	0.565	0.488	0.878	0.902	0.917	0.933	0.903	0.927			0.63			0.872		0.941		0.886
		0.605		0.83	0.893		0.854	0.887	0.927	0.742	0.574	0.577	0.398	0.854	0.895	0.922	0.933	0.915	0.943			0.655			0.855		0.93		0.888
		0.599		0.953	0.825		0.768	0.98	0.978	0.642	0.669	0.575	0.749	0.956	0.904	0.908	0.932	0.898	0.931			0.67			0.889		0.948		0.897
		0.626		0.958	0.84		0.812	0.947	0.971	0.669	0.91	0.559	0.571	0.987	0.894	0.863	0.818	0.845	0.883			0.665			0.864		0.937		0.729
		0.624		0.959	0.856		0.807	0.927	0.953	0.647	0.787	0.581	0.407	0.976	0.912	0.877	0.836	0.869	0.912			0.609			0.864		0.941		0.845
		0.545		0.95	0.852		0.811	0.934	0.962	0.838	0.794	0.574	0.652	0.884	0.885	0.912	0.805	0.893	0.937			0.646			0.858		0.922		0.913
		0.566		0.925	0.857		0.823	0.975	0.975	0.87	0.769	0.604	0.667	0.866	0.895	0.918	0.828	0.89	0.925			0.623			0.878		0.944		0.888
		0.552		0.956	0.843		0.808	0.929	0.929	0.695	0.604	0.571	0.529	0.86	0.887	0.876	0.822	0.864	0.884			0.544			0.87		0.938		0.902
		0.574		0.935	0.836		0.804	0.993	0.983	0.705	0.565	0.584		0.85	0.877	0.947	0.808	0.74	0.939			0.535			0.826		0.931		0.903
		0.567		0.909	0.86		0.838	0.934	0.973	0.799	0.451	0.543		0.802	0.87	0.928	0.797	0.739	0.923			0.583			0.853		0.93		0.782
		0.528		0.985	0.835		0.832	0.924	0.948	0.709	0.648	0.606		0.971	0.894	0.941	0.822	0.795	0.938			0.535			0.827		0.917		0.852
		0.569		0.952	0.849		0.845	0.945	0.961	0.745	0.635	0.607		0.931	0.883	0.945	0.815	0.797	0.931			0.532			0.837		0.925		0.925
		0.548		0.98	0.854		0.827	0.969	0.979	0.771	0.891	0.632		0.948	0.884	0.955	0.809	0.758	0.937			0.545			0.84		0.933		0.905
		0.632		0.962	0.933		0.781		0.923	0.804	0.785	0.592		0.844	0.908	0.943	0.834	0.746	0.926			0.612			0.898		0.94		0.891
		0.491		0.926	0.931		0.782		0.983	0.667	0.771	0.584		0.731	0.892	0.902	0.819	0.765	0.853			0.627			0.885		0.944		0.882
		0.487		0.881	0.928		0.782		0.966	0.669	0.56	0.613		0.609	0.871	0.922	0.848	0.788	0.905			0.61			0.89		0.951		0.752
		0.539		0.857	0.92		0.76		0.95	0.888	0.7	0.597		0.63	0.902	0.945	0.822	0.808	0.92			0.625			0.9		0.948		0.852
		0.59		0.92	0.923		0.766		0.961	0.889	0.529	0.598		0.723	0.874	0.922	0.813	0.809	0.907			0.628			0.887		0.941		0.915
		0.603		0.869	0.927		0.781		0.974	0.384	0.559	0.651		0.772	0.925	0.921	0.85	0.752	0.857			0.637			0.906		0.956		0.89
		0.607		0.856	0.927		0.764		0.895	0.784	0.903	0.61		0.707	0.912	0.959	0.839	0.732	0.928			0.63			0.888		0.962		0.892
		0.621		0.977	0.926		0.794		0.97	0.889	0.763	0.628		0.79	0.902	0.947	0.831	0.752	0.882			0.597			0.891		0.948		0.899
		0.62		0.916	0.927		0.78		0.954	0.489	0.78	0.656		0.723	0.929	0.964	0.859	0.786	0.918			0.616			0.887		0.955		0.743
		0.603		0.965	0.939		0.806		0.941	0.798	0.742	0.688		0.928	0.923	0.968	0.859	0.768	0.915			0.619			0.919		0.95		0.845
		0.666		0.901	0.938		0.782		0.946	0.79	0.797	0.621		0.922	0.916	0.966	0.822	0.743	0.93			0.552			0.887		0.939		0.918
		0.668		0.741	0.93		0.782		0.961	0.359	0.719	0.612		0.894	0.923	0.959	0.848	0.726	0.914			0.572			0.883		0.938		0.893
		0.758		0.737	0.93		0.769		0.912	0.865	0.616	0.599		0.622	0.922	0.942	0.835	0.738	0.816			0.534			0.891		0.936		0.886
		0.557		0.784	0.927		0.758		0.979	0.949	0.722	0.627		0.775	0.901	0.941	0.827	0.758	0.901			0.547			0.881		0.938		0.876
		0.599		0.87	0.936		0.804		0.967	0.965	0.902	0.622		0.729	0.91	0.964	0.819	0.803	0.877			0.547			0.901		0.943		0.742
		0.63		0.772	0.929		0.772		0.948	0.744	0.935	0.629		0.704	0.907	0.952	0.814	0.816	0.861			0.623			0.889		0.927		0.843
		0.608		0.774	0.945		0.849		0.956	0.913	0.9	0.608		0.802	0.92	0.954	0.824	0.697	0.854			0.63			0.889		0.938		0.92
		0.646		0.86	0.942		0.816		0.97	0.446	0.81	0.68		0.903	0.916	0.908	0.83	0.785	0.952			0.612			0.884		0.93		0.884
		0.688		0.812	0.96		0.85		0.898	0.794	0.615	0.651		0.843	0.92	0.9	0.836	0.792	0.947			0.616			0.882		0.934		0.907
		0.635		0.864	0.935		0.769		0.96	0.818	0.695	0.661		0.872	0.912	0.948	0.827	0.817	0.95			0.645			0.88		0.928		0.908
		0.645			0.944		0.776		0.949	0.436	0.741	0.656		0.893	0.925	0.954	0.867	0.816	0.936			0.628			0.93		0.911		0.766
		0.633			0.938		0.789		0.942	0.87	0.887	0.684		0.777	0.922	0.914	0.842	0.805	0.948			0.65			0.932		0.914		0.861
		0.658			0.935		0.782		0.936	0.957	0.901	0.637		0.812	0.928	0.9	0.853	0.779	0.935			0.589			0.937		0.928		0.932
		0.651			0.947		0.795		0.957	0.971	0.836	0.68		0.731	0.922	0.852	0.845	0.766	0.882			0.629			0.935		0.932		0.901
		0.553			0.943		0.783		0.937	0.883	0.877	0.617		0.645	0.933	0.864	0.868	0.784	0.911			0.611			0.941		0.923		0.901
		0.52			0.93		0.764		0.985	0.905	0.454	0.656		0.853	0.879	0.957	0.797	0.836	0.939			0.561			0.934		0.923		0.894
		0.576			0.937		0.777		0.97	0.854	0.7	0.645		0.806	0.901	0.882	0.804	0.848	0.935			0.508			0.939		0.93		0.776
		0.555			0.925		0.767		0.967	0.735	0.739	0.595		0.712	0.881	0.877	0.824	0.768	0.877			0.536			0.933		0.929		0.854
		0.508			0.935		0.786		0.972	0.67	0.807	0.622		0.79	0.914	0.96	0.842	0.821	0.931			0.536			0.933		0.922		0.92
		0.526			0.939		0.781		0.971	0.822	0.527	0.626		0.928	0.908	0.932	0.81	0.817	0.922			0.628			0.944		0.927		0.894
		0.545			0.91		0.813		0.926	0.947	0.528	0.62		0.972	0.913	0.944	0.842	0.862	0.941			0.645			0.927		0.919		0.885
		0.575			0.901		0.813		0.977	0.962	0.398	0.609		0.953	0.909	0.949	0.835	0.86	0.925			0.613			0.937		0.92		0.872
		0.562			0.895		0.8		0.973	0.858	0.884	0.59		0.856	0.908	0.961	0.831	0.83	0.922			0.633			0.932		0.914		0.665
		0.583			0.885		0.792		0.956	0.813	0.502	0.583		0.752	0.923	0.947	0.841	0.81	0.915			0.642			0.933		0.917		0.839
		0.563			0.888		0.768		0.963	0.833	0.466	0.569		0.779	0.902	0.877	0.829	0.759	0.863			0.662			0.932		0.931		0.904
		0.561			0.901		0.809		0.973	0.869	0.948	0.586		0.784	0.902	0.909	0.832	0.776	0.893			0.661			0.925		0.909		0.868
		0.683			0.893		0.793		0.914	0.732	0.592	0.593		0.845	0.908	0.925	0.828	0.841	0.935			0.639			0.932		0.911		0.884
		0.619			0.9		0.778		0.966	0.933	0.743	0.55		0.956	0.903	0.913	0.822	0.809	0.92			0.657			0.926		0.903		0.891
		0.713			0.894		0.782		0.955	0.88	0.652	0.566		0.888	0.906	0.911	0.82	0.747	0.853			0.644			0.931		0.902		0.696
		0.567			0.902		0.839		0.96	0.759	0.614	0.544		0.913	0.913	0.975	0.823	0.934	0.937			0.55			0.929		0.911		0.843
		0.592			0.901		0.825		0.943	0.83	0.671	0.582		0.962	0.884	0.962	0.881	0.919	0.93			0.564							0.906
		0.601			0.878		0.777		0.965	0.552	0.821	0.546		0.895	0.915	0.966	0.902	0.92	0.949			0.59							0.866
		0.595			0.891		0.784		0.927	0.863	0.728	0.565		0.88	0.882	0.966	0.86	0.932	0.935			0.652							0.886
		0.638			0.885		0.756		0.974	0.922	0.734	0.538		0.895	0.882	0.974	0.875	0.935	0.933			0.675							0.877
		0.617			0.915		0.834		0.963	0.926	0.579	0.565		0.9	0.878	0.967	0.87	0.936	0.922			0.61							0.645
		0.577			0.89		0.789		0.962	0.74	0.771	0.56		0.914	0.869	0.948	0.859	0.911	0.866			0.628							0.835
		0.591			0.899		0.811		0.963	0.757	0.527	0.596		0.918	0.873	0.935	0.852	0.929	0.895			0.667							0.907
		0.568			0.904		0.84		0.965	0.725	0.607	0.564		0.922	0.881	0.967	0.874	0.916	0.938			0.664							0.869
		0.59			0.901		0.855		0.879	0.826	0.932	0.55		0.908	0.878	0.959	0.851	0.924	0.922			0.668							0.885
		0.601			0.884		0.773		0.895	0.81	0.673	0.589		0.97	0.873	0.944	0.86	0.92	0.862			0.626							0.876
		0.566			0.903		0.841		0.901	0.801	0.743	0.587		0.987	0.893	0.937	0.885	0.986	0.959			0.653							0.685
		0.57			0.898		0.847		0.967	0.825	0.67	0.574		0.98	0.881	0.903	0.858	0.983	0.953			0.641							0.845
		0.571			0.895		0.837		0.914	0.934	0.75	0.611		0.913	0.881	0.924	0.805	0.984	0.946			0.548							0.911
		0.534			0.9		0.852		0.885	0.931	0.844	0.593		0.939	0.887	0.942	0.894	0.985	0.931			0.548							0.879
		0.608			0.9		0.832		0.909	0.857	0.918	0.62		0.904	0.861	0.941	0.847	0.988	0.952			0.617							0.887
		0.621			0.897		0.798		0.977	0.947	0.889	0.634		0.912	0.907	0.926	0.89	0.989	0.942			0.644							0.884
		0.555			0.902		0.828		0.965	0.955	0.81	0.651		0.868	0.889	0.89	0.89	0.982	0.894			0.591							0.676
		0.6			0.897		0.803		0.947	0.724	0.677	0.607		0.976	0.882	0.888	0.887	0.98	0.929			0.606							0.837
		0.565			0.91		0.826		0.956	0.823	0.705	0.591		0.965	0.921	0.923	0.911	0.984	0.935			0.635							0.91
		0.645			0.899		0.837		0.978	0.815	0.79	0.599		0.976	0.914	0.914	0.904	0.979	0.936			0.651							0.876
		0.596			0.813		0.869		0.932		0.924	0.587		0.968	0.905	0.9	0.902	0.978	0.879			0.648							
		0.671			0.804		0.874		0.985		0.867	0.612		0.915	0.908	0.884	0.913	0.967	0.939			0.601							
		0.66			0.786		0.886		0.964		0.791	0.594		0.899	0.916	0.873	0.912	0.965	0.929			0.638							
		0.734			0.809		0.86		0.946		0.844	0.594		0.909	0.892	0.921	0.885	0.956	0.941			0.625							
		0.555			0.797		0.862		0.957		0.821	0.646		0.9	0.901	0.928	0.907	0.963	0.931			0.548							
		0.643			0.82		0.881		0.975		0.852	0.6		0.94	0.904	0.861	0.891	0.97	0.935			0.635							
		0.642			0.825		0.856		0.935		0.836	0.649		0.945	0.904	0.846	0.89	0.964	0.922			0.645							
		0.633			0.79		0.893		0.986		0.705	0.629		0.947	0.906	0.793	0.905	0.959	0.87			0.594							
		0.645			0.809		0.881		0.969		0.756	0.667		0.94	0.903	0.798	0.907	0.962	0.904			0.618							
		0.638			0.821		0.895		0.95		0.696	0.591		0.973	0.892	0.918	0.893	0.966	0.937			0.65							
		0.576			0.85		0.884		0.967		0.707	0.652		0.992	0.913	0.792	0.916	0.968	0.914			0.642							
		0.638			0.821		0.86		0.977		0.933	0.551		0.986	0.909	0.792	0.901	0.957	0.851			0.661							
		0.625			0.814		0.865		0.939		0.854	0.647		0.928	0.914	0.924	0.909	0.772	0.895			0.598							
		0.639			0.805		0.851		0.987		0.799	0.596		0.957	0.914	0.895	0.9	0.8	0.907			0.611							
		0.62			0.852		0.889		0.972		0.82	0.573		0.93	0.928	0.948	0.928	0.848	0.943			0.618							
		0.604			0.803		0.872		0.957		0.859	0.609		0.929	0.862	0.954	0.865	0.849	0.929			0.658							
		0.565			0.843		0.887		0.965		0.913	0.596		0.859	0.886	0.929	0.881	0.754	0.876			0.659							
		0.528			0.858		0.9		0.975		0.917	0.605		0.982	0.87	0.92	0.869	0.727	0.863			0.642							
		0.543			0.884		0.916		0.932		0.93	0.582		0.975	0.891	0.87	0.903	0.738	0.808			0.638							
		0.554			0.779		0.869		0.986		0.887	0.571		0.981	0.89	0.88	0.882	0.759	0.839			0.662							
		0.599			0.823		0.894		0.974		0.939	0.58		0.957	0.909	0.943	0.9	0.857	0.938			0.697							
		0.575			0.829		0.89		0.947		0.976	0.544		0.877	0.902	0.884	0.888	0.776	0.853			0.704							
		0.597			0.829		0.89		0.959		0.471	0.575		0.83	0.89	0.896	0.882	0.72	0.796			0.645							
		0.561			0.83		0.888		0.975		0.414	0.567		0.857	0.916	0.9	0.903	0.96	0.951			0.688							
		0.609			0.824		0.885		0.937		0.426	0.521		0.865	0.897	0.898	0.884	0.956	0.951			0.661							
		0.682			0.814		0.873		0.987		0.146	0.497		0.915	0.895	0.913	0.885	0.951	0.949			0.504							
		0.645			0.846		0.886		0.979		0.552	0.559		0.89	0.896	0.914	0.892	0.943	0.935			0.518							
		0.736			0.826		0.885		0.956		0.964	0.541		0.896	0.898	0.904	0.883	0.958	0.955			0.507							
		0.568			0.829		0.889		0.966		0.683	0.541		0.867	0.896	0.89	0.892	0.947	0.943			0.561							
		0.601			0.852		0.868		0.977		0.527	0.524		0.962	0.902	0.852	0.885	0.904	0.89			0.58							
		0.621			0.965		0.826		0.925		0.989	0.57		0.991	0.81	0.869	0.734	0.925	0.912			0.597							
		0.605			0.972		0.815		0.98		0.602	0.588		0.977	0.829	0.917	0.772	0.943	0.944			0.541							
		0.656			0.962		0.833		0.967		0.793	0.583		0.87	0.787	0.9	0.727	0.938	0.94			0.581							
		0.648			0.966		0.815		0.948		0.68	0.566		0.91	0.802	0.86	0.737	0.898	0.879			0.559							
		0.576			0.965		0.792		0.966		0.528	0.537		0.887	0.808	0.897	0.708	0.828	0.931			0.547							
		0.584			0.966		0.831		0.98		0.94	0.587		0.882	0.801	0.907	0.721	0.83	0.925			0.536							
		0.592			0.968		0.799		0.94		0.676	0.614		0.823	0.791	0.919	0.706	0.859	0.943			0.597							
		0.612			0.966		0.834		0.988		0.508	0.559		0.975	0.799	0.909	0.735	0.847	0.927			0.572							
		0.623			0.972		0.827		0.972		0.987	0.609		0.944	0.792	0.901	0.723	0.826	0.929			0.578							
		0.637			0.966		0.86		0.964		0.648	0.584		0.96	0.779	0.899	0.707	0.82	0.919			0.556							
		0.599			0.969		0.844		0.974		0.836	0.611		0.929	0.825	0.899	0.78	0.814	0.857			0.608							
		0.625			0.964		0.823		0.976		0.735	0.649		0.824	0.782	0.9	0.749	0.831	0.893			0.566							
		0.631			0.961		0.812		0.94		0.876	0.657		0.889	0.737	0.925	0.75	0.869	0.934			0.543							
		0.616			0.955		0.792		0.986		0.542	0.605		0.775	0.808	0.923	0.743	0.866	0.901			0.578							
		0.611			0.966		0.855		0.971		0.396	0.584		0.674	0.779	0.898	0.729	0.811	0.848			0.577							
		0.564			0.964		0.815		0.967		0.938	0.584		0.911	0.832	0.933	0.786	0.898	0.971			0.571							
		0.651			0.962		0.866		0.978		0.679	0.586		0.84	0.803	0.924	0.777	0.9	0.968			0.53							
		0.597			0.964		0.861		0.985		0.84	0.612		0.729	0.807	0.927	0.745	0.924	0.952			0.578							
		0.724			0.96		0.891		0.953		0.74	0.605		0.769	0.847	0.939	0.801	0.919	0.941			0.559							
		0.687			0.962		0.828		0.988		0.766	0.58		0.946	0.841	0.943	0.78	0.903	0.967			0.566							
		0.749			0.965		0.868		0.975		0.764	0.671		0.98	0.834	0.936	0.782	0.894	0.958			0.605							
		0.617			0.971		0.878		0.97		0.921	0.634		0.97	0.855	0.887	0.823	0.863	0.91			0.602							
		0.67			0.972		0.861		0.98		0.949	0.652		0.925	0.86	0.906	0.817	0.88	0.94			0.565							
		0.681			0.971		0.871		0.979		0.864	0.634		0.711	0.833	0.923	0.768	0.917	0.949			0.607							
		0.655			0.968		0.857		0.938		0.912	0.678		0.816	0.847	0.912	0.786	0.9	0.947			0.549							
		0.715			0.97		0.832		0.984		0.534	0.597		0.838	0.834	0.916	0.772	0.862	0.887			0.623							
		0.633			0.972		0.849		0.972		0.918	0.666		0.921	0.834		0.781	0.978	0.959			0.628							
		0.607			0.967		0.84		0.959		0.671	0.569		0.965	0.839		0.791	0.968	0.956			0.591							
		0.643			0.972		0.854		0.97		0.785	0.633		0.9	0.839		0.79	0.974	0.955			0.633							
		0.619			0.972		0.832		0.986		0.706	0.621		0.933	0.821		0.774	0.979	0.945			0.595							
		0.632			0.908		0.861				0.91	0.571		0.931	0.845		0.812	0.98	0.96			0.492							
		0.61			0.898		0.843				0.687	0.598		0.88	0.83		0.788	0.97	0.948			0.454							
		0.546			0.897		0.854				0.834	0.593		0.906	0.849		0.807	0.962	0.898			0.493							
		0.569			0.885		0.859				0.736	0.614		0.896	0.856		0.784	0.96	0.925			0.483							
		0.611			0.901		0.835				0.979	0.588		0.862	0.873		0.831	0.978	0.946			0.496							
		0.592			0.9		0.854				0.968	0.55		0.916	0.786		0.753	0.976	0.942			0.529							
		0.611			0.893		0.843				0.964	0.551		0.9	0.822		0.78	0.962	0.895			0.526							
		0.612			0.901		0.855				0.34	0.519		0.917	0.783		0.748	0.965	0.962			0.493							
		0.647			0.894		0.858				0.275	0.556		0.877	0.833		0.79	0.962	0.954			0.464							
		0.609			0.913		0.876				0.31	0.566		0.954	0.828		0.78	0.96	0.95			0.518							
		0.667			0.906		0.868					0.525		0.947	0.816		0.77	0.959	0.941										
		0.674			0.906		0.831					0.556		0.943	0.807		0.77	0.965	0.956										
		0.747			0.896		0.853					0.537		0.926	0.811		0.771	0.971	0.945										
		0.539			0.899		0.817					0.562		0.916	0.841		0.802	0.957	0.896										
		0.634			0.907		0.882					0.505		0.904	0.816		0.765	0.968	0.928										
		0.654			0.9		0.852					0.595		0.907	0.809		0.759	0.964	0.942										
		0.631			0.924		0.873					0.607		0.947	0.816		0.772	0.973	0.937										
		0.67			0.922		0.884					0.611		0.941	0.814		0.735	0.953	0.873										
		0.67			0.937		0.897					0.573		0.921	0.826		0.756	0.944	0.971										
		0.636			0.902		0.834					0.549		0.925	0.809		0.748	0.94	0.969										
		0.66			0.907		0.872					0.619		0.826	0.817		0.723	0.946	0.956										
		0.655			0.904		0.881					0.624		0.81	0.83		0.732	0.949	0.943										
		0.661			0.903		0.878					0.574		0.772	0.81		0.729	0.951	0.971										
		0.687			0.914		0.88					0.627		0.756	0.818		0.72	0.939	0.958										
		0.565			0.913		0.884					0.599		0.821	0.796		0.689	0.917	0.908										
		0.576			0.896		0.856					0.611		0.791	0.806		0.691	0.925	0.943										
		0.583			0.912		0.884					0.645		0.772	0.797		0.715	0.941	0.949										
		0.58			0.903		0.879					0.685		0.876	0.798		0.713	0.937	0.946										
		0.598			0.9		0.893					0.605		0.738	0.811		0.717	0.912	0.893										
		0.61			0.916		0.875					0.605		0.943	0.789		0.702	0.97	0.972										
		0.606			0.8		0.945					0.624		0.862	0.824		0.748	0.968	0.969										
		0.651			0.801		0.938					0.598		0.851	0.811		0.748	0.962	0.955										
		0.636			0.836		0.94					0.632		0.802	0.825		0.75	0.971	0.943										
		0.727			0.807		0.941					0.601		0.881	0.79		0.697	0.975	0.972										
		0.543			0.82		0.929					0.609		0.775	0.78		0.704	0.968	0.96										
		0.602			0.856		0.951					0.675		0.792	0.829		0.757	0.948	0.912										
		0.616			0.813		0.937					0.66		0.93	0.815		0.72	0.95	0.944										
		0.596			0.849		0.942					0.662		0.855	0.812		0.712	0.971	0.949										
		0.641			0.829		0.948					0.66		0.85	0.838		0.786	0.974	0.945										
		0.649			0.843		0.951					0.682		0.848	0.827		0.763	0.955	0.886										
		0.589			0.841		0.947					0.606		0.946	0.818		0.731		0.946										
		0.616			0.842		0.932					0.674		0.875	0.842		0.787		0.948										
		0.592			0.844		0.951					0.586		0.766	0.83		0.791		0.935										
		0.603			0.818		0.93					0.656		0.842	0.822		0.766		0.937										
		0.625			0.868		0.959					0.636		0.854	0.821		0.741		0.95										
		0.561			0.824		0.95					0.589		0.886	0.813		0.739		0.942										
		0.609			0.87		0.947					0.623		0.864	0.822		0.753		0.882										
		0.581			0.869		0.952					0.63		0.892	0.813		0.748		0.912										
		0.61			0.89		0.957					0.648		0.814	0.833		0.74		0.934										
		0.598			0.821		0.94					0.607		0.94	0.811		0.746		0.93										
		0.609			0.837		0.943					0.566		0.973	0.839		0.775		0.889										
		0.729			0.841		0.947					0.581		0.966	0.812		0.773		0.965										
		0.659			0.847		0.95					0.539		0.808	0.845		0.775		0.963										
		0.747			0.841		0.946					0.55		0.887	0.818		0.769		0.953										
		0.602			0.817		0.945					0.569		0.886	0.856		0.8		0.949										
		0.595			0.825		0.945					0.54		0.871	0.791		0.745		0.966										
		0.61			0.846		0.954					0.531		0.928	0.824		0.763		0.952										
		0.588			0.829		0.948					0.526		0.962	0.812		0.714		0.907										
		0.654			0.824		0.958					0.519		0.938	0.839		0.761		0.934										
		0.628			0.838		0.948					0.572		0.945	0.818		0.765		0.947										
		0.605					0.798					0.584		0.954	0.805		0.721		0.945										
		0.601					0.797					0.588		0.894	0.793		0.733		0.907										
		0.595					0.788					0.554		0.855	0.8		0.746		0.956										
		0.626					0.796					0.528		0.869	0.825		0.753		0.952										
		0.623					0.786					0.579		0.893	0.793		0.711		0.949										
		0.606					0.804					0.596		0.907	0.81		0.744		0.947										
		0.564					0.784					0.546		0.906	0.813		0.725		0.954										
		0.618					0.804					0.6		0.924	0.802		0.716		0.943										
		0.557					0.792					0.594		0.886	0.793		0.713		0.891										
		0.635					0.809					0.613		0.968	0.807		0.718		0.922										
		0.741					0.809					0.661		0.991	0.943		0.903		0.937										
		0.675					0.787					0.683		0.982	0.946		0.914		0.938										
		0.756					0.794					0.604		0.884	0.942		0.901		0.891										
		0.646					0.779					0.613		0.934	0.932		0.896		0.942										
		0.617					0.846					0.578		0.899	0.937		0.902		0.936										
		0.639					0.789					0.582		0.89	0.928		0.888		0.936										
		0.601					0.825					0.61		0.839	0.933		0.87		0.924										
		0.676					0.834					0.593		0.973	0.938		0.909		0.943										
		0.618					0.847					0.585		0.96	0.929		0.895		0.926										
		0.62					0.781					0.673		0.973	0.936		0.894		0.872										
		0.558					0.82					0.627		0.729	0.943		0.916		0.911										
		0.591					0.82					0.683		0.697	0.941		0.888		0.935										
		0.596					0.821					0.635		0.634	0.938		0.9		0.925										
		0.628					0.812					0.68		0.49	0.942		0.905		0.867										
		0.577					0.824					0.597		0.596	0.934		0.89		0.946										
		0.535					0.789					0.662		0.674	0.958		0.927		0.946										
		0.62					0.827					0.588		0.599	0.95		0.921		0.948										
		0.61					0.821					0.644		0.696	0.944		0.917		0.941										
		0.667					0.827					0.631		0.664	0.968		0.922		0.95										
		0.637					0.796					0.583		0.924	0.962		0.93		0.938										
		0.692					0.963					0.613		0.814	0.948		0.915		0.881										
		0.595					0.964					0.59		0.796	0.956		0.922		0.915										
		0.629					0.958					0.63		0.646	0.95		0.915		0.936										
		0.64					0.959					0.59		0.661	0.936		0.899		0.93										
		0.636					0.95					0.534		0.575	0.948		0.909		0.888										
		0.656					0.967					0.574		0.568	0.95		0.909		0.95										
		0.648					0.954					0.514		0.864	0.951		0.916		0.949										
		0.579					0.96					0.578		0.796	0.952		0.921		0.939										
		0.625					0.957					0.555		0.807	0.955		0.918		0.935										
		0.631					0.963					0.564		0.763	0.951		0.91		0.958										
		0.656					0.962					0.554		0.218	0.954		0.933		0.937										
		0.617					0.948					0.551		0.8	0.955		0.929		0.883										
		0.541					0.954					0.626		0.712	0.956		0.925		0.925										
		0.564					0.951					0.596		0.68	0.948		0.92		0.929										
		0.598					0.968					0.609		0.839	0.962		0.936		0.931										
		0.718					0.964					0.588		0.473	0.933		0.892		0.88										
		0.647					0.97					0.554		0.661	0.938		0.886		0.951										
		0.743					0.968					0.642		0.842	0.94		0.896		0.948										
		0.626					0.972					0.627		0.804	0.948		0.915		0.941										
		0.619					0.951					0.601		0.936	0.94		0.903		0.934										
		0.629					0.956					0.657		0.275	0.951		0.921		0.953										
		0.6					0.965					0.616		0.252	0.948		0.924		0.938										
		0.674					0.966					0.662		0.463	0.954		0.916		0.883										
		0.608					0.96					0.686		0.896	0.951		0.928		0.917										
		0.581					0.959					0.696		0.587	0.948		0.91		0.933										
		0.576					0.958					0.651		0.441	0.952		0.9		0.936										
		0.582					0.964					0.639		0.956	0.947		0.907		0.876										
		0.611					0.962					0.624		0.669	0.947		0.905		0.961										
		0.61					0.966					0.635		0.839	0.945		0.908		0.959										
		0.616					0.959					0.649		0.748	0.949		0.905		0.952										
		0.579										0.638		0.794	0.962		0.805		0.946										
		0.684										0.636		0.814	0.959		0.826		0.96										
		0.641										0.698		0.787	0.966		0.793		0.95										
		0.714										0.675		0.786	0.959		0.809		0.889										
		0.587										0.686		0.832	0.955		0.796		0.924										
		0.645										0.68		0.707	0.953		0.801		0.939										
		0.648										0.725		0.722	0.955		0.786		0.937										
		0.623										0.606		0.784	0.959		0.82		0.896										
		0.667										0.683		0.786	0.961		0.797		0.963										
		0.613										0.598		0.712	0.96		0.78		0.957										
		0.56										0.668		0.768	0.967		0.825		0.946										
		0.623										0.639		0.801	0.967		0.781		0.943										
		0.627										0.615		0.83	0.957		0.816		0.959										
		0.646										0.624		0.906	0.965		0.817		0.944										
		0.596										0.637		0.772	0.959		0.797		0.884										
		0.654										0.653		0.838	0.975		0.84		0.927										
		0.747										0.634		0.976	0.967		0.822		0.941										
		0.664										0.587		0.582	0.965		0.827		0.933										
		0.752										0.61		0.576	0.98		0.855		0.893										
		0.677										0.579		0.632	0.98		0.845		0.954										
		0.608										0.602			0.966		0.829		0.95										
		0.633										0.599			0.972		0.847		0.945										
		0.599										0.552			0.966		0.84		0.936										
		0.674										0.514			0.964		0.828		0.954										
		0.65										0.589			0.966		0.832		0.943										
		0.623										0.583			0.971		0.825		0.888										
		0.557										0.609			0.966		0.827		0.916										
		0.606										0.558			0.974		0.831		0.932										
		0.608										0.545			0.974		0.825		0.929										
		0.616										0.599			0.963		0.819		0.87										
		0.702										0.582			0.977		0.845		0.969										
		0.642										0.562			0.972		0.842		0.969										
		0.699										0.631			0.976		0.846		0.956										
		0.58										0.596			0.975		0.84		0.953										
		0.656										0.652			0.981		0.863		0.971										
		0.664										0.666			0.961		0.793		0.962										
		0.638										0.673			0.962		0.804		0.906										
		0.684										0.62			0.961		0.801		0.943										
		0.617										0.598			0.962		0.846		0.951										
		0.566										0.592			0.965		0.812		0.953										
		0.634										0.615			0.972		0.828		0.901										
		0.597										0.63			0.966		0.833		0.965										
		0.601										0.605			0.969		0.828		0.964										
		0.601										0.61			0.979		0.847		0.952										
		0.601										0.69			0.97		0.842		0.943										
		0.657										0.634			0.968		0.827		0.965										
		0.634										0.668			0.966		0.82		0.957										
		0.723										0.645			0.963		0.813		0.911										
		0.707										0.702			0.961		0.823		0.933										
		0.744										0.602			0.969		0.817		0.937										
		0.697										0.68			0.916		0.756		0.95										
		0.759										0.598			0.933		0.759		0.885										
		0.67										0.651			0.903		0.749		0.964										
		0.741										0.646			0.921		0.746		0.961										
		0.739										0.582			0.92		0.735		0.952										
		0.74										0.595			0.91		0.742		0.943										
		0.73										0.605			0.906		0.738		0.963										
		0.612										0.601			0.92		0.746		0.951										
		0.656										0.594			0.897		0.733		0.907										
		0.662										0.558			0.907		0.727		0.937										
		0.669										0.586			0.925		0.769		0.939										
		0.68										0.539			0.913		0.744		0.945										
		0.679										0.579			0.87		0.779		0.898										
		0.696										0.569			0.919		0.718		0.959										
		0.639										0.534			0.889		0.732		0.955										
		0.654										0.598			0.94		0.779		0.944										
		0.664										0.606			0.92		0.757		0.94										
		0.661										0.602			0.923		0.758		0.963										
		0.632										0.576			0.939		0.788		0.946										
		0.729										0.555			0.942		0.772		0.907										
		0.747										0.608			0.938		0.761		0.922										
		0.783										0.605			0.937		0.799		0.933										
		0.769										0.583			0.937		0.775		0.942										
		0.772										0.647			0.924		0.774		0.884										
		0.774										0.62			0.924		0.753		0.968										
		0.712										0.65			0.931		0.766		0.969										
		0.755										0.697			0.936		0.758		0.954										
		0.747										0.694			0.94		0.762		0.956										
		0.768										0.626			0.94		0.777		0.969										
		0.758										0.635			0.93		0.779		0.959										
		0.634										0.63			0.944		0.807		0.912										
		0.65										0.627			0.943		0.789		0.939										
		0.628										0.636			0.936		0.799		0.95										
		0.637										0.64			0.944		0.778		0.956										
		0.654										0.643			0.946		0.81		0.91										
		0.582										0.714			0.902		0.734		0.927										
		0.664										0.68			0.917		0.764		0.926										
		0.644										0.699			0.894		0.748		0.937										
		0.659										0.659			0.929		0.765		0.931										
		0.634										0.725			0.922		0.761		0.932										
		0.536										0.614			0.936		0.751		0.916										
		0.526										0.701			0.931		0.735		0.851										
		0.559										0.599			0.925		0.752		0.884										
		0.584										0.675			0.943		0.779		0.928										
		0.617										0.664			0.929		0.739		0.908										
		0.63										0.621			0.933		0.754		0.861										
		0.622										0.616			0.928		0.756		0.928										
		0.625										0.612			0.923		0.74		0.928										
		0.647										0.626			0.927		0.754		0.933										
		0.539										0.62			0.934		0.752		0.923										
		0.569										0.581			0.798		0.815		0.931										
		0.579										0.596			0.796		0.833		0.916										
		0.621										0.555			0.775		0.788		0.857										
		0.623										0.606			0.78		0.806		0.884										
		0.626										0.585			0.777		0.805		0.927										
		0.615										0.58			0.77		0.789		0.906										
		0.651										0.585			0.768		0.793		0.862										
		0.573										0.606			0.788		0.815		0.926										
		0.578										0.538			0.786		0.803		0.921										
		0.621										0.55			0.77		0.8		0.944										
		0.604										0.603			0.786		0.823		0.925										
		0.613										0.614			0.796		0.801		0.927										
		0.62										0.566			0.804		0.791		0.913										
		0.625										0.614			0.757		0.802		0.857										
		0.619										0.613			0.764		0.789		0.886										
		0.66										0.631			0.81		0.842		0.934										
		0.67										0.663			0.782		0.836		0.904										
		0.675										0.673			0.792		0.819		0.854										
		0.672										0.623			0.815		0.844		0.95										
		0.659										0.618			0.794		0.833		0.946										
		0.616										0.621			0.743		0.802		0.942										
		0.621										0.596			0.734		0.827		0.943										
		0.629										0.623			0.729		0.816		0.951										
		0.596										0.607			0.767		0.811		0.936										
		0.595										0.59			0.754		0.805		0.874										
		0.585										0.669			0.754		0.811		0.91										
		0.567										0.623			0.718		0.804		0.937										
		0.577										0.665			0.724		0.808		0.934										
		0.546										0.643			0.77		0.816		0.883										
		0.55										0.685			0.753		0.807		0.94										
		0.545										0.6			0.767		0.815		0.935										
		0.573										0.652			0.745		0.805		0.94										
		0.543										0.581			0.731		0.829		0.937										
		0.57										0.652			0.747		0.824		0.938										
		0.545										0.635			0.766		0.849		0.928										
												0.571			0.783		0.781		0.868										
												0.605			0.767		0.763		0.905										
												0.596			0.769		0.773		0.93										
												0.622			0.731		0.823		0.916										
												0.597			0.779		0.786		0.872										
												0.571			0.784		0.82		0.972										
												0.576			0.782		0.81		0.969										
												0.534			0.766		0.809		0.958										
												0.574			0.801		0.836		0.943										
												0.567			0.764		0.799		0.968										
												0.583			0.764		0.805		0.962										
												0.625			0.768		0.809		0.906										
												0.582			0.768		0.807		0.937										
												0.566			0.757		0.802		0.944										
												0.625			0.768		0.795		0.945										
												0.611			0.942		0.95		0.887										
												0.6			0.942		0.954		0.957										
												0.623			0.943		0.946		0.957										
												0.608			0.942		0.95		0.949										
												0.615			0.941		0.941		0.939										
												0.637			0.936		0.946		0.959										
												0.636			0.941		0.927		0.949										
												0.609			0.941		0.954		0.899										
												0.608			0.944		0.953		0.915										
												0.614			0.938		0.948		0.946										
												0.604			0.938		0.948		0.939										
												0.617			0.946		0.944		0.875										
												0.619			0.942		0.943		0.961										
												0.592			0.938		0.954		0.959										
												0.652			0.936		0.944		0.948										
												0.609			0.953		0.959		0.935										
												0.631			0.942		0.955		0.959										
												0.648			0.942		0.947		0.947										
												0.632			0.955		0.964		0.889										
												0.632			0.946		0.96		0.919										
												0.673			0.931		0.941		0.939										
												0.623			0.946		0.956		0.938										
												0.655			0.943		0.946		0.875										
												0.666			0.935		0.953		0.968										
												0.567			0.941		0.947		0.967										
												0.614			0.935		0.948		0.956										
												0.599			0.941		0.946		0.945										
												0.603			0.941		0.948		0.968										
												0.583			0.952		0.953		0.958										
												0.572			0.943		0.944		0.912										
												0.563			0.941		0.961		0.937										
												0.55			0.942		0.953		0.945										
												0.599			0.943		0.949		0.948										
												0.573			0.943		0.947		0.895										
												0.608			0.948		0.958		0.963										
												0.577			0.935		0.944		0.957										
												0.567			0.937		0.94		0.951										
												0.611			0.94		0.944		0.939										
												0.603			0.937		0.952		0.96										
												0.599			0.944		0.935		0.944										
												0.65			0.937		0.954		0.902										
												0.616			0.938		0.954		0.925										
												0.651			0.937		0.954		0.938										
												0.663			0.95		0.956		0.939										
												0.676			0.937		0.95		0.88										
												0.614			0.937		0.936		0.957										
												0.619			0.94		0.945		0.942										
												0.614			0.946		0.944		0.936										
												0.592			0.938		0.947		0.934										
												0.638			0.937		0.945		0.954										
												0.625			0.91		0.995		0.942										
												0.6			0.914		0.993		0.879										
												0.682			0.899		0.989		0.914										
												0.622			0.899		0.988		0.926										
												0.667			0.9		0.987		0.927										
												0.646			0.903		0.985		0.875										
												0.693			0.878		0.984		0.95										
												0.616			0.907		0.993		0.942										
												0.652			0.898		0.992		0.94										
												0.612			0.911		0.988		0.934										
												0.656			0.914		0.994		0.947										
												0.616			0.899		0.989		0.937										
												0.591			0.91		0.991		0.885										
												0.587			0.9		0.993		0.916										
												0.585			0.901		0.987		0.931										
												0.638			0.92		0.994		0.93										
												0.589			0.918		0.994		0.884										
												0.588			0.918		0.991		0.942										
												0.594			0.932		0.989		0.942										
												0.581			0.924		0.992		0.944										
												0.617			0.906		0.986		0.927										
												0.602			0.912		0.993		0.945										
												0.607			0.902		0.995		0.928										
												0.546			0.895		0.992		0.878										
												0.642			0.9		0.991		0.914										
												0.638			0.902		0.988		0.931										
												0.551			0.904		0.989		0.934										
												0.611			0.907		0.986		0.874										
												0.602			0.906		0.993		0.95										
												0.679			0.903		0.991		0.947										
												0.688			0.919		0.987		0.948										
												0.713			0.909		0.991		0.933										
												0.649			0.912		0.99		0.95										
												0.666			0.903		0.986		0.938										
												0.646			0.924		0.997		0.886										
												0.65			0.892		0.987		0.92										
												0.658			0.878		0.981		0.931										
												0.653			0.887		0.993		0.93										
												0.657			0.904		0.993		0.88										
												0.719			0.895		0.986		0.948										
												0.653			0.91		0.994		0.946										
												0.707			0.906		0.992		0.937										
												0.678			0.912		0.993		0.926										
												0.721			0.917		0.994		0.947										
												0.641			0.911		0.99		0.939										
												0.708			0.902		0.986		0.875										
												0.606			0.9		0.989		0.909										
												0.692			0.896		0.992		0.926										
												0.687			0.906		0.99		0.934										
												0.598			0.899		0.991		0.867										
												0.628			0.906		0.977												
												0.602			0.923		0.977												
												0.651			0.894		0.975												
												0.595			0.899		0.971												
												0.599			0.907		0.971												
												0.604			0.893		0.974												
												0.609			0.875		0.973												
												0.639			0.913		0.976												
												0.618			0.884		0.974												
												0.539			0.901		0.975												
												0.615			0.913		0.971												
												0.592			0.9		0.971												
												0.588			0.845		0.975												
												0.618			0.905		0.976												
												0.588			0.89		0.971												
												0.625			0.921		0.974												
												0.633			0.918		0.974												
												0.65			0.898		0.974												
												0.603			0.935		0.976												
												0.595			0.918		0.978												
												0.601			0.92		0.976												
												0.565			0.923		0.978												
												0.588			0.927		0.975												
												0.593			0.904		0.971												
												0.574			0.923		0.971												
												0.665			0.908		0.974												
												0.611			0.912		0.972												
												0.627			0.922		0.972												
												0.607			0.932		0.971												
												0.662			0.916		0.973												
												0.6			0.929		0.973												
												0.659			0.931		0.979												
												0.577			0.93		0.973												
												0.628			0.909		0.972												
												0.626			0.935		0.976												
												0.558			0.9		0.971												
												0.575			0.899		0.973												
												0.583			0.896		0.968												
												0.602			0.915		0.974												
												0.565			0.909		0.972												
												0.561			0.916		0.977												
												0.566			0.91		0.974												
												0.543			0.907		0.974												
												0.575			0.928		0.974												
												0.551			0.924		0.973												
												0.573			0.913		0.968												
												0.568			0.915		0.974												
												0.541			0.906		0.976												
												0.591			0.921		0.975												
												0.566			0.906		0.975												
												0.639			0.941		0.889												
												0.648			0.952		0.913												
												0.677			0.924		0.882												
												0.611			0.929		0.888												
												0.607			0.942		0.887												
												0.603			0.918		0.879												
												0.595			0.918		0.874												
												0.608			0.933		0.891												
												0.615			0.919		0.874												
												0.59			0.924		0.875												
												0.687			0.941		0.894												
												0.628			0.928		0.875												
												0.668			0.906		0.816												
												0.647			0.937		0.891												
												0.673			0.915		0.866												
												0.588			0.95		0.913												
												0.689			0.949		0.904												
												0.578			0.943		0.9												
												0.66			0.962		0.913												
												0.641			0.958		0.919												
												0.559			0.957		0.915												
												0.593			0.962		0.917												
												0.585			0.95		0.921												
												0.598			0.938		0.889												
												0.565			0.946		0.914												
												0.554			0.947		0.903												
												0.582			0.952		0.897												
												0.55			0.955		0.913												
												0.568			0.954		0.91												
												0.583			0.945		0.895												
												0.558			0.96		0.925												
												0.542			0.954		0.911												
												0.554			0.952		0.912												
												0.52			0.957		0.913												
												0.647			0.965		0.938												
												0.675			0.921		0.872												
												0.679			0.931		0.886												
												0.65			0.917		0.874												
												0.659			0.946		0.903												
												0.642			0.939		0.899												
												0.6			0.947		0.912												
												0.628			0.945		0.905												
												0.642			0.947		0.904												
												0.617			0.95		0.917												
												0.672			0.942		0.897												
												0.609			0.946		0.895												
												0.66			0.942		0.891												
												0.627			0.94		0.89												
												0.697			0.945		0.901												
												0.661			0.95		0.893												
												0.71			0.721		0.608												
												0.622			0.749		0.626												
												0.702			0.716		0.599												
												0.666			0.74		0.62												
												0.574			0.707		0.609												
												0.575			0.723		0.603												
												0.597			0.731		0.644												
												0.603			0.727		0.618												
												0.551			0.728		0.62												
												0.584			0.71		0.604												
												0.606			0.764		0.637												
												0.595			0.746		0.644												
												0.612			0.753		0.684												
												0.592			0.711		0.611												
												0.56			0.723		0.607												
												0.61			0.78		0.63												
												0.581			0.755		0.603												
												0.657			0.747		0.622												
												0.686			0.798		0.677												
												0.709			0.778		0.646												
												0.671			0.767		0.641												
												0.675			0.803		0.69												
												0.643			0.79		0.683												
												0.635			0.758		0.677												
												0.653			0.761		0.659												
												0.671			0.765		0.646												
												0.632			0.768		0.649												
												0.691			0.76		0.646												
												0.66			0.767		0.652												
												0.666			0.76		0.649												
												0.671			0.796		0.696												
												0.709			0.775		0.666												
												0.641			0.806		0.683												
												0.727			0.79		0.673												
												0.627			0.82		0.714												
												0.694			0.736		0.645												
												0.68			0.763		0.705												
												0.56			0.723		0.633												
												0.593			0.771		0.696												
												0.611			0.746		0.662												
												0.589			0.759		0.609												
												0.593			0.743		0.629												
												0.58			0.76		0.627												
												0.597			0.784		0.633												
												0.583			0.747		0.612												
												0.625			0.751		0.627												
												0.615			0.756		0.612												
												0.526			0.728		0.603												
												0.501			0.74		0.617												
												0.655			0.74		0.623												
												0.687			0.938		0.822												
												0.695			0.933		0.84												
												0.657			0.931		0.828												
												0.639			0.929		0.828												
												0.601			0.925		0.818												
												0.616			0.927		0.802												
												0.637			0.928		0.809												
												0.622			0.93		0.82												
												0.617			0.925		0.817												
												0.681			0.929		0.809												
												0.613			0.934		0.834												
												0.67			0.934		0.821												
												0.607			0.932		0.84												
												0.695			0.93		0.816												
												0.637			0.929		0.823												
												0.714			0.94		0.85												
												0.598			0.933		0.82												
												0.664			0.93		0.841												
												0.669			0.948		0.865												
												0.533			0.942		0.862												
												0.56			0.93		0.843												
												0.572			0.94		0.86												
												0.604			0.94		0.852												
												0.545			0.936		0.835												
												0.573			0.941		0.849												
												0.604			0.937		0.843												
												0.593			0.933		0.831												
												0.595			0.932		0.839												
												0.585			0.934		0.858												
												0.517			0.927		0.84												
												0.664			0.947		0.863												
												0.692			0.942		0.851												
												0.708			0.94		0.862												
												0.672			0.937		0.859												
												0.672			0.951		0.877												
												0.639			0.928		0.826												
												0.62			0.928		0.832												
												0.656			0.926		0.815												
												0.64			0.936		0.851												
												0.628			0.942		0.835												
												0.694			0.937		0.829												
												0.645			0.93		0.83												
												0.691			0.935		0.822												
												0.66			0.94		0.856												
												0.696			0.935		0.823												
												0.671			0.924		0.831												
												0.72			0.931		0.825												
												0.651			0.933		0.823												
												0.71			0.931		0.837												
												0.683			0.928		0.83												
												0.573			0.956		0.807												
												0.601			0.946		0.837												
												0.609			0.941		0.797												
												0.623			0.952		0.824												
												0.588			0.945		0.811												
												0.577			0.937		0.806												
												0.625			0.927		0.804												
												0.607			0.957		0.815												
												0.638			0.948		0.801												
												0.609			0.94		0.79												
												0.651			0.951		0.839												
												0.676			0.949		0.805												
												0.679			0.955		0.814												
												0.638			0.945		0.809												
												0.633			0.947		0.789												
												0.612			0.957		0.853												
												0.61			0.954		0.843												
												0.609			0.946		0.838												
												0.632			0.951		0.87												
												0.617			0.95		0.853												
												0.672			0.928		0.837												
												0.624			0.954		0.858												
												0.654			0.948		0.853												
												0.625			0.947		0.826												
												0.675			0.949		0.845												
												0.649			0.937		0.841												
												0.715			0.937		0.832												
												0.613			0.942		0.838												
												0.688			0.941		0.841												
												0.663			0.946		0.841												
												0.537			0.944		0.855												
												0.578			0.944		0.856												
												0.573			0.952		0.862												
												0.575			0.945		0.848												
												0.545			0.957		0.878												
												0.56			0.928		0.808												
												0.598			0.931		0.826												
												0.585			0.945		0.808												
												0.596			0.947		0.844												
												0.595			0.938		0.816												
												0.597			0.949		0.834												
												0.579			0.943		0.836												
												0.57			0.94		0.833												
												0.54			0.954		0.857												
												0.578			0.953		0.819												
												0.56			0.943		0.825												
												0.563			0.946		0.818												
												0.579			0.949		0.814												
												0.563			0.936		0.828												
												0.618			0.934		0.818												
												0.596					0.93												
												0.598					0.933												
												0.604					0.931												
												0.61					0.933												
												0.636					0.912												
												0.661					0.938												
												0.618					0.932												
												0.591					0.929												
												0.622					0.933												
												0.602					0.933												
												0.645					0.925												
												0.641					0.936												
												0.647					0.934												
												0.613					0.93												
												0.581					0.926												
												0.57					0.93												
												0.583					0.927												
												0.583					0.93												
												0.596					0.939												
												0.581					0.93												
												0.627					0.93												
												0.579					0.94												
												0.613					0.939												
												0.568					0.934												
												0.59					0.932												
												0.616					0.936												
												0.6					0.939												
												0.605					0.939												
												0.571					0.946												
												0.583					0.94												
												0.625					0.939												
												0.602					0.941												
												0.659					0.931												
												0.661					0.947												
												0.639					0.936												
												0.593					0.931												
												0.647					0.943												
												0.639					0.937												
												0.683					0.942												
												0.652					0.932												
												0.655					0.925												
												0.631					0.923												
												0.618					0.932												
												0.615					0.932												
												0.633					0.925												
												0.638					0.934												
												0.613					0.928												
												0.603					0.936												
												0.564					0.933												
												0.604					0.932												
												0.569					0.981												
												0.587					0.982												
												0.621					0.981												
												0.601					0.975												
												0.596					0.978												
												0.564					0.974												
												0.55					0.969												
												0.596					0.979												
												0.571					0.977												
												0.678					0.977												
												0.637					0.979												
												0.651					0.981												
												0.594					0.98												
												0.624					0.98												
												0.647					0.977												
												0.682					0.983												
												0.657					0.978												
												0.678					0.978												
												0.64					0.982												
												0.633					0.985												
												0.622					0.978												
												0.644					0.983												
												0.639					0.979												
												0.631					0.983												
												0.545					0.983												
												0.592					0.98												
												0.57					0.979												
												0.585					0.979												
												0.564					0.981												
												0.557					0.981												
												0.639					0.978												
												0.607					0.979												
												0.621					0.98												
												0.61					0.979												
												0.622					0.983												
												0.62					0.976												
												0.623					0.978												
												0.598					0.979												
												0.611					0.984												
												0.598					0.981												
												0.601					0.982												
												0.64					0.978												
												0.635					0.978												
												0.659					0.981												
												0.61					0.977												
												0.575					0.979												
												0.583					0.978												
												0.579					0.983												
												0.593					0.981												
												0.577					0.98												
												0.552					0.898												
												0.554					0.899												
												0.568					0.905												
												0.529					0.9												
												0.531					0.9												
												0.609					0.899												
												0.586					0.897												
												0.576					0.899												
												0.576					0.897												
												0.596					0.896												
												0.598					0.907												
												0.603					0.906												
												0.564					0.907												
												0.565					0.903												
												0.566					0.894												
												0.603					0.912												
												0.629					0.902												
												0.611					0.897												
												0.646					0.917												
												0.611					0.9												
												0.575					0.905												
												0.581					0.913												
												0.557					0.912												
												0.569					0.9												
												0.574					0.908												
												0.562					0.901												
												0.574					0.907												
												0.57					0.9												
												0.556					0.907												
												0.637					0.899												
												0.595					0.91												
												0.603					0.912												
												0.581					0.911												
												0.622					0.916												
												0.626					0.913												
												0.653					0.896												
												0.609					0.902												
												0.603					0.894												
												0.612					0.911												
												0.584					0.903												
												0.6					0.9												
												0.582					0.899												
												0.621					0.901												
												0.598					0.908												
												0.57					0.897												
												0.57					0.898												
												0.566					0.903												
												0.571					0.903												
												0.586					0.897												
												0.524					0.903												
												0.541					0.949												
												0.537					0.945												
												0.611					0.948												
												0.566					0.951												
												0.579					0.94												
												0.592					0.943												
												0.59					0.941												
												0.627					0.944												
												0.643					0.945												
												0.581					0.936												
												0.573					0.951												
												0.585					0.946												
												0.579					0.949												
												0.611					0.941												
												0.603					0.941												
												0.624					0.956												
												0.568					0.946												
												0.539					0.951												
												0.573					0.953												
												0.551					0.955												
												0.576					0.949												
												0.563					0.961												
												0.562					0.95												
												0.566					0.954												
												0.615					0.959												
												0.576					0.95												
												0.592					0.955												
												0.583					0.95												
												0.594					0.95												
												0.618					0.954												
												0.667					0.957												
												0.599					0.956												
												0.612					0.959												
												0.629					0.951												
												0.583					0.958												
												0.616					0.935												
												0.598					0.944												
												0.613					0.951												
												0.58					0.951												
												0.578					0.951												
												0.579					0.955												
												0.574					0.939												
												0.583					0.938												
												0.583					0.954												
												0.546					0.946												
												0.625					0.946												
												0.595					0.949												
												0.605					0.954												
												0.597					0.943												
												0.634					0.946												
												0.619																	
												0.653																	
												0.579																	
												0.623																	
												0.604																	
												0.602																	
												0.623																	
												0.614																	
												0.649																	
												0.599																	
												0.563																	
												0.567																	
												0.55																	
												0.572																	
												0.563																	
												0.626																	
												0.588																	
												0.596																	
												0.586																	
												0.605																	
												0.613																	
												0.645																	
												0.586																	
												0.605																	
												0.597																	
												0.582																	
												0.583																	
												0.584																	
												0.617																	
												0.568																	
												0.536																	
												0.558																	
												0.543																	
												0.574																	
												0.56																	
												0.555																	
												0.574																	
												0.583																	
												0.582																	
												0.682																	
												0.631																	
												0.647																	
												0.641																	
												0.649																	
												0.643																	
												0.669																	
												0.658																	
												0.686																	
												0.636																	
												0.642																	
												0.634																	
												0.663																	
												0.645																	
												0.637																	
												0.544																	
												0.542																	
												0.589																	
												0.659																	
												0.638																	
												0.621																	
												0.625																	
												0.634																	
												0.577																	
												0.591																	
												0.581																	
												0.628																	
												0.578																	
												0.601																	
												0.61																	
												0.621																	
												0.625																	
												0.603																	
												0.572																	
												0.553																	
												0.685																	
												0.647																	
												0.638																	
												0.617																	
												0.638																	
												0.625																	
												0.651																	
												0.63																	
												0.634																	
												0.61																	
												0.633																	
												0.6																	
												0.636																	
												0.631																	
												0.63																	
												0.579																	
												0.665																	
												0.644																	
												0.642																	
												0.614																	
												0.633																	
												0.604																	
												0.624																	
												0.602																	
												0.63																	
												0.595																	
												0.585																	
												0.608																	
												0.618																	
												0.623																	
												0.615																	
												0.696																	
												0.66																	
												0.676																	
												0.627																	
												0.669																	
												0.65																	
												0.683																	
												0.665																	
												0.661																	
												0.644																	
												0.638																	
												0.626																	
												0.673																	
												0.653																	
												0.642																	
												0.653																	
												0.562																	
												0.652																	
												0.636																	
												0.594																	
												0.607																	
												0.601																	
												0.619																	
												0.61																	
												0.606																	
												0.613																	
												0.591																	
												0.617																	
												0.608																	
												0.62																	
												0.647																	
												0.626																	
												0.673																	
												0.698																	
												0.679																	
												0.707																	
												0.7																	
												0.677																	
												0.663																	
												0.657																	
												0.664																	
												0.651																	
												0.608																	
												0.594																	
												0.59																	
												0.629																	
												0.602																	
												0.638																	
												0.599																	
												0.57																	
												0.572																	
												0.553																	
												0.576																	
												0.571																	
												0.629																	
												0.646																	
												0.694																	
												0.658																	
												0.717																	
												0.66																	
												0.627																	
												0.644																	
												0.622																	
												0.634																	
												0.617																	
												0.654																	
												0.652																	
												0.635																	
												0.677																	
												0.634																	
												0.607																	
												0.608																	
												0.592																	
												0.61																	
												0.592																	
												0.514																	
												0.517																	
												0.551																	
												0.525																	
												0.544																	
												0.554																	
												0.568																	
												0.586																	
												0.572																	
												0.523																	
												0.56																	
												0.541																	
												0.58																	
												0.599																	
												0.604																	
												0.608																	
												0.606																	
												0.569																	
												0.545																	
												0.567																	
												0.577																	
												0.586																	
												0.618																	
												0.587																	
												0.562																	
												0.586																	
												0.584																	
												0.595																	
												0.612																	
												0.622																	
												0.56																	
												0.557																	
												0.579																	
												0.582																	
												0.582																	
												0.521																	
												0.528																	
												0.545																	
												0.538																	
												0.536																	
												0.558																	
												0.547																	
												0.558																	
												0.522																	
												0.553																	
